0.000000000377
0.000000000387
0.000000000397
0.000000000406
0.000000000415
0.000000000424
0.000000000433
0.000000000442
0.000000000450
0.000000000459
0.000000000467
0.000000000475
0.000000000483
0.000000000490
0.000000000498
0.000000000505
0.000000000512
0.000000000519
0.000000000526
0.000000000533
0.000000000540
0.000000000546
0.000000000552
0.000000000559
0.000000000565
0.000000000571
0.000000000576
0.000000000582
0.000000000587
0.000000000593
0.000000000598
0.000000000603
0.000000000608
0.000000000613
0.000000000618
0.000000000623
0.000000000627
0.000000000632
0.000000000636
0.000000000640
0.000000000644
0.000000000648
0.000000000652
0.000000000656
0.000000000660
0.000000000663
0.000000000667
0.000000000670
0.000000000674
0.000000000677
0.000000000680
0.000000000683
0.000000000686
0.000000000689
0.000000000692
0.000000000695
0.000000000698
0.000000000700
0.000000000703
0.000000000705
0.000000000708
0.000000000710
0.000000000713
0.000000000715
0.000000000717
0.000000000719
0.000000000721
0.000000000723
0.000000000725
0.000000000727
0.000000000729
0.000000000731
0.000000000733
0.000000000735
0.000000000736
0.000000000738
0.000000000739
0.000000000741
0.000000000743
0.000000000744
0.000000000745
0.000000000747
0.000000000748
0.000000000749
0.000000000751
0.000000000752
0.000000000753
0.000000000754
0.000000000756
0.000000000757
0.000000000758
0.000000000759
0.000000000760
0.000000000761
0.000000000762
0.000000000763
0.000000000764
0.000000000764
0.000000000765
0.000000000766
0.000000000767
0.000000000768
0.000000000768
0.000000000769
0.000000000770
0.000000000771
0.000000000771
0.000000000772
0.000000000772
0.000000000773
0.000000000774
0.000000000774
0.000000000775
0.000000000775
0.000000000776
0.000000000776
0.000000000777
0.000000000777
0.000000000778
0.000000000778
0.000000000778
0.000000000779
0.000000000779
0.000000000780
0.000000000780
0.000000000780
0.000000000781
0.000000000781
0.000000000781
0.000000000782
0.000000000782
0.000000000782
0.000000000783
0.000000000783
0.000000000783
0.000000000783
0.000000000784
0.000000000784
0.000000000784
0.000000000784
0.000000000785
0.000000000785
0.000000000785
0.000000000785
0.000000000785
0.000000000786
0.000000000786
0.000000000786
0.000000000786
0.000000000786
0.000000000786
0.000000000786
0.000000000787
0.000000000787
0.000000000787
0.000000000787
0.000000000787
0.000000000787
0.000000000787
0.000000000787
0.000000000788
0.000000000788
0.000000000788
0.000000000788
0.000000000788
0.000000000788
0.000000000788
0.000000000788
0.000000000788
0.000000000788
0.000000000789
0.000000000789
0.000000000789
0.000000000789
0.000000000789
0.000000000789
0.000000000789
0.000000000789
0.000000000789
0.000000000789
0.000000000789
0.000000000789
0.000000000789
0.000000000790
0.000000000790
0.000000000790
0.000000000790
0.000000000790
0.000000000790
0.000000000790
0.000000000790
0.000000000790
0.000000000790
0.000000000790
0.000000000790
0.000000000790
0.000000000791
0.000000000791
0.000000000791
0.000000000791
0.000000000791
0.000000000791
0.000000000791
0.000000000791
0.000000000791
0.000000000791
0.000000000791
0.000000000791
0.000000000792
0.000000000792
0.000000000792
0.000000000792
0.000000000792
0.000000000792
0.000000000792
0.000000000792
0.000000000792
0.000000000793
0.000000000793
0.000000000793
0.000000000793
0.000000000793
0.000000000793
0.000000000793
0.000000000793
0.000000000794
0.000000000794
0.000000000794
0.000000000794
0.000000000794
0.000000000794
0.000000000794
0.000000000795
0.000000000795
0.000000000795
0.000000000795
0.000000000795
0.000000000795
0.000000000796
0.000000000796
0.000000000796
0.000000000796
0.000000000796
0.000000000796
0.000000000797
0.000000000797
0.000000000797
0.000000000797
0.000000000797
0.000000000798
0.000000000798
0.000000000798
0.000000000798
0.000000000799
0.000000000799
0.000000000799
0.000000000799
0.000000000799
0.000000000800
0.000000000800
0.000000000800
0.000000000800
0.000000000801
0.000000000801
0.000000000801
0.000000000802
0.000000000802
0.000000000802
0.000000000802
0.000000000803
0.000000000803
0.000000000803
0.000000000804
0.000000000804
0.000000000804
0.000000000804
0.000000000805
0.000000000805
0.000000000805
0.000000000806
0.000000000806
0.000000000806
0.000000000807
0.000000000807
0.000000000807
0.000000000808
0.000000000808
0.000000000808
0.000000000809
0.000000000809
0.000000000810
0.000000000810
0.000000000810
0.000000000811
0.000000000811
0.000000000812
0.000000000812
0.000000000812
0.000000000813
0.000000000813
0.000000000814
0.000000000814
0.000000000814
0.000000000815
0.000000000815
0.000000000816
0.000000000816
0.000000000817
0.000000000817
0.000000000818
0.000000000818
0.000000000818
0.000000000819
0.000000000819
0.000000000820
0.000000000820
0.000000000821
0.000000000821
0.000000000822
0.000000000822
0.000000000823
0.000000000823
0.000000000824
0.000000000824
0.000000000825
0.000000000825
0.000000000826
0.000000000827
0.000000000827
0.000000000828
0.000000000828
0.000000000829
0.000000000829
0.000000000830
0.000000000830
0.000000000831
0.000000000832
0.000000000832
0.000000000833
0.000000000833
0.000000000834
0.000000000835
0.000000000835
0.000000000836
0.000000000836
0.000000000837
0.000000000838
0.000000000838
0.000000000839
0.000000000840
0.000000000840
0.000000000841
0.000000000841
0.000000000842
0.000000000843
0.000000000843
0.000000000844
0.000000000845
0.000000000846
0.000000000846
0.000000000847
0.000000000848
0.000000000848
0.000000000849
0.000000000850
0.000000000850
0.000000000851
0.000000000852
0.000000000853
0.000000000853
0.000000000854
0.000000000855
0.000000000856
0.000000000856
0.000000000857
0.000000000858
0.000000000859
0.000000000859
0.000000000860
0.000000000861
0.000000000862
0.000000000863
0.000000000863
0.000000000864
0.000000000865
0.000000000866
0.000000000867
0.000000000867
0.000000000868
0.000000000869
0.000000000870
0.000000000871
0.000000000872
0.000000000872
0.000000000873
0.000000000874
0.000000000875
0.000000000876
0.000000000877
0.000000000878
0.000000000878
0.000000000879
0.000000000880
0.000000000881
0.000000000882
0.000000000883
0.000000000884
0.000000000885
0.000000000886
0.000000000887
0.000000000887
0.000000000888
0.000000000889
0.000000000890
0.000000000891
0.000000000892
0.000000000893
0.000000000894
0.000000000895
0.000000000896
0.000000000897
0.000000000898
0.000000000899
0.000000000900
0.000000000901
0.000000000902
0.000000000903
0.000000000904
0.000000000905
0.000000000906
0.000000000907
0.000000000908
0.000000000909
0.000000000910
0.000000000911
0.000000000912
0.000000000913
0.000000000914
0.000000000915
0.000000000916
0.000000000917
0.000000000918
0.000000000919
0.000000000920
0.000000000921
0.000000000922
0.000000000923
0.000000000924
0.000000000925
0.000000000926
0.000000000928
0.000000000929
0.000000000930
0.000000000931
0.000000000932
0.000000000933
0.000000000934
0.000000000935
0.000000000936
0.000000000937
0.000000000938
0.000000000940
0.000000000941
0.000000000942
0.000000000943
0.000000000944
0.000000000945
0.000000000946
0.000000000947
0.000000000949
0.000000000950
0.000000000951
0.000000000952
0.000000000953
0.000000000954
0.000000000955
0.000000000957
0.000000000958
0.000000000959
0.000000000960
0.000000000961
0.000000000962
0.000000000964
0.000000000965
0.000000000966
0.000000000967
0.000000000968
0.000000000969
0.000000000971
0.000000000972
0.000000000973
0.000000000974
0.000000000975
0.000000000977
0.000000000978
0.000000000979
0.000000000980
0.000000000981
0.000000000983
0.000000000984
0.000000000985
0.000000000986
0.000000000987
0.000000000989
0.000000000990
0.000000000991
0.000000000992
0.000000000994
0.000000000995
0.000000000996
0.000000000997
0.000000000998
0.000000001000
0.000000001001
0.000000001002
0.000000001003
0.000000001005
0.000000001006
0.000000001007
0.000000001008
0.000000001010
0.000000001011
0.000000001012
0.000000001013
0.000000001014
0.000000001016
0.000000001017
0.000000001018
0.000000001019
0.000000001021
0.000000001022
0.000000001023
0.000000001024
0.000000001026
0.000000001027
0.000000001028
0.000000001029
0.000000001031
0.000000001032
0.000000001033
0.000000001034
0.000000001036
0.000000001037
0.000000001038
0.000000001039
0.000000001040
0.000000001042
0.000000001043
0.000000001044
0.000000001045
0.000000001047
0.000000001048
0.000000001049
0.000000001050
0.000000001052
0.000000001053
0.000000001054
0.000000001055
0.000000001056
0.000000001058
0.000000001059
0.000000001060
0.000000001061
0.000000001063
0.000000001064
0.000000001065
0.000000001066
0.000000001067
0.000000001069
0.000000001070
0.000000001071
0.000000001072
0.000000001073
0.000000001075
0.000000001076
0.000000001077
0.000000001078
0.000000001079
0.000000001081
0.000000001082
0.000000001083
0.000000001084
0.000000001085
0.000000001087
0.000000001088
0.000000001089
0.000000001090
0.000000001091
0.000000001092
0.000000001094
0.000000001095
0.000000001096
0.000000001097
0.000000001098
0.000000001099
0.000000001101
0.000000001102
0.000000001103
0.000000001104
0.000000001105
0.000000001106
0.000000001107
0.000000001108
0.000000001110
0.000000001111
0.000000001112
0.000000001113
0.000000001114
0.000000001115
0.000000001116
0.000000001117
0.000000001118
0.000000001120
0.000000001121
0.000000001122
0.000000001123
0.000000001124
0.000000001125
0.000000001126
0.000000001127
0.000000001128
0.000000001129
0.000000001130
0.000000001131
0.000000001132
0.000000001133
0.000000001134
0.000000001135
0.000000001136
0.000000001137
0.000000001138
0.000000001139
0.000000001140
0.000000001141
0.000000001142
0.000000001143
0.000000001144
0.000000001145
0.000000001146
0.000000001147
0.000000001148
0.000000001149
0.000000001150
0.000000001151
0.000000001152
0.000000001153
0.000000001154
0.000000001155
0.000000001156
0.000000001157
0.000000001158
0.000000001159
0.000000001160
0.000000001160
0.000000001161
0.000000001162
0.000000001163
0.000000001164
0.000000001165
0.000000001166
0.000000001167
0.000000001167
0.000000001168
0.000000001169
0.000000001170
0.000000001171
0.000000001172
0.000000001173
0.000000001173
0.000000001174
0.000000001175
0.000000001176
0.000000001177
0.000000001177
0.000000001178
0.000000001179
0.000000001180
0.000000001181
0.000000001181
0.000000001182
0.000000001183
0.000000001184
0.000000001184
0.000000001185
0.000000001186
0.000000001187
0.000000001187
0.000000001188
0.000000001189
0.000000001189
0.000000001190
0.000000001191
0.000000001192
0.000000001192
0.000000001193
0.000000001194
0.000000001194
0.000000001195
0.000000001196
0.000000001196
0.000000001197
0.000000001198
0.000000001198
0.000000001199
0.000000001199
0.000000001200
0.000000001201
0.000000001201
0.000000001202
0.000000001203
0.000000001203
0.000000001204
0.000000001204
0.000000001205
0.000000001205
0.000000001206
0.000000001207
0.000000001207
0.000000001208
0.000000001208
0.000000001209
0.000000001209
0.000000001210
0.000000001210
0.000000001211
0.000000001211
0.000000001212
0.000000001212
0.000000001213
0.000000001213
0.000000001214
0.000000001214
0.000000001215
0.000000001215
0.000000001216
0.000000001216
0.000000001217
0.000000001217
0.000000001218
0.000000001218
0.000000001219
0.000000001219
0.000000001220
0.000000001220
0.000000001220
0.000000001221
0.000000001221
0.000000001222
0.000000001222
0.000000001222
0.000000001223
0.000000001223
0.000000001224
0.000000001224
0.000000001224
0.000000001225
0.000000001225
0.000000001226
0.000000001226
0.000000001226
0.000000001227
0.000000001227
0.000000001227
0.000000001228
0.000000001228
0.000000001228
0.000000001229
0.000000001229
0.000000001229
0.000000001230
0.000000001230
0.000000001230
0.000000001231
0.000000001231
0.000000001231
0.000000001231
0.000000001232
0.000000001232
0.000000001232
0.000000001233
0.000000001233
0.000000001233
0.000000001233
0.000000001234
0.000000001234
0.000000001234
0.000000001234
0.000000001235
0.000000001235
0.000000001235
0.000000001235
0.000000001236
0.000000001236
0.000000001236
0.000000001236
0.000000001237
0.000000001237
0.000000001237
0.000000001237
0.000000001237
0.000000001238
0.000000001238
0.000000001238
0.000000001238
0.000000001239
0.000000001239
0.000000001239
0.000000001239
0.000000001239
0.000000001239
0.000000001240
0.000000001240
0.000000001240
0.000000001240
0.000000001240
0.000000001240
0.000000001241
0.000000001241
0.000000001241
0.000000001241
0.000000001241
0.000000001241
0.000000001242
0.000000001242
0.000000001242
0.000000001242
0.000000001242
0.000000001242
0.000000001242
0.000000001242
0.000000001243
0.000000001243
0.000000001243
0.000000001243
0.000000001243
0.000000001243
0.000000001243
0.000000001243
0.000000001244
0.000000001244
0.000000001244
0.000000001244
0.000000001244
0.000000001244
0.000000001244
0.000000001244
0.000000001244
0.000000001244
0.000000001245
0.000000001245
0.000000001245
0.000000001245
0.000000001245
0.000000001245
0.000000001245
0.000000001245
0.000000001245
0.000000001245
0.000000001245
0.000000001245
0.000000001245
0.000000001246
0.000000001246
0.000000001246
0.000000001246
0.000000001246
0.000000001246
0.000000001246
0.000000001246
0.000000001246
0.000000001246
0.000000001246
0.000000001246
0.000000001246
0.000000001246
0.000000001246
0.000000001246
0.000000001246
0.000000001246
0.000000001246
0.000000001246
0.000000001247
0.000000001247
0.000000001247
0.000000001247
0.000000001247
0.000000001247
0.000000001247
0.000000001247
0.000000001247
0.000000001247
0.000000001247
0.000000001247
0.000000001247
0.000000001247
0.000000001247
0.000000001247
0.000000001247
0.000000001247
0.000000001247
0.000000001247
0.000000001247
0.000000001247
0.000000001247
0.000000001247
0.000000001247
0.000000001247
0.000000001247
0.000000001247
0.000000001247
0.000000001247
0.000000001247
0.000000001247
0.000000001247
0.000000001247
0.000000001247
0.000000001247
0.000000001247
0.000000001247
0.000000001247
0.000000001247
0.000000001247
0.000000001247
0.000000001247
0.000000001247
0.000000001247
0.000000001247
0.000000001247
0.000000001247
0.000000001247
0.000000001247
0.000000001247
0.000000001247
0.000000001247
0.000000001247
0.000000001247
0.000000001247
0.000000001247
0.000000001247
0.000000001247
0.000000001247
0.000000001247
0.000000001247
0.000000001247
0.000000001247
0.000000001247
0.000000001247
0.000000001247
0.000000001247
0.000000001247
0.000000001247
0.000000001247
0.000000001247
0.000000001247
0.000000001247
0.000000001247
0.000000001247
0.000000001247
0.000000001247
0.000000001247
0.000000001247
0.000000001247
0.000000001247
0.000000001247
0.000000001247
0.000000001247
0.000000001247
0.000000001247
0.000000001247
0.000000001247
0.000000001247
0.000000001247
0.000000001247
0.000000001247
0.000000001247
0.000000001247
0.000000001247
0.000000001247
0.000000001247
0.000000001247
0.000000001247
0.000000001247
0.000000001246
0.000000001246
0.000000001246
0.000000001246
0.000000001246
0.000000001246
0.000000001246
0.000000001246
0.000000001246
0.000000001246
0.000000001246
0.000000001246
0.000000001246
0.000000001246
0.000000001246
0.000000001246
0.000000001246
0.000000001246
0.000000001246
0.000000001246
0.000000001246
0.000000001246
0.000000001246
0.000000001246
0.000000001246
0.000000001246
0.000000001246
0.000000001246
0.000000001246
0.000000001246
0.000000001246
0.000000001246
0.000000001246
0.000000001246
0.000000001246
0.000000001246
0.000000001246
0.000000001246
0.000000001246
0.000000001246
0.000000001246
0.000000001246
0.000000001246
0.000000001246
0.000000001245
0.000000001245
0.000000001245
0.000000001245
0.000000001245
0.000000001245
0.000000001245
0.000000001245
0.000000001245
0.000000001245
0.000000001245
0.000000001245
0.000000001245
0.000000001245
0.000000001245
0.000000001245
0.000000001245
0.000000001245
0.000000001245
0.000000001245
0.000000001245
0.000000001245
0.000000001245
0.000000001245
0.000000001245
0.000000001245
0.000000001245
0.000000001245
0.000000001245
0.000000001245
0.000000001245
0.000000001245
0.000000001245
0.000000001245
0.000000001245
0.000000001245
0.000000001245
0.000000001245
0.000000001245
0.000000001245
0.000000001245
0.000000001245
0.000000001245
0.000000001244
0.000000001244
0.000000001244
0.000000001244
0.000000001244
0.000000001244
0.000000001244
0.000000001244
0.000000001244
0.000000001244
0.000000001244
0.000000001244
0.000000001244
0.000000001244
0.000000001244
0.000000001244
0.000000001244
0.000000001244
0.000000001244
0.000000001244
0.000000001244
0.000000001244
0.000000001244
0.000000001244
0.000000001244
0.000000001244
0.000000001244
0.000000001244
0.000000001244
0.000000001244
0.000000001244
0.000000001244
0.000000001244
0.000000001244
0.000000001244
0.000000001244
0.000000001244
0.000000001244
0.000000001244
0.000000001244
0.000000001244
0.000000001244
0.000000001244
0.000000001244
0.000000001244
0.000000001244
0.000000001244
0.000000001244
0.000000001244
0.000000001244
0.000000001243
0.000000001243
0.000000001243
0.000000001243
0.000000001243
0.000000001243
0.000000001243
0.000000001243
0.000000001243
0.000000001243
0.000000001243
0.000000001243
0.000000001243
0.000000001243
0.000000001243
0.000000001243
0.000000001243
0.000000001243
0.000000001243
0.000000001243
0.000000001243
0.000000001243
0.000000001243
0.000000001243
0.000000001243
0.000000001243
0.000000001243
0.000000001243
0.000000001243
0.000000001243
0.000000001243
0.000000001243
0.000000001243
0.000000001243
0.000000001243
0.000000001243
0.000000001243
0.000000001243
0.000000001243
0.000000001243
0.000000001243
0.000000001243
0.000000001243
0.000000001243
0.000000001243
0.000000001243
0.000000001243
0.000000001243
0.000000001243
0.000000001243
0.000000001243
0.000000001243
0.000000001243
0.000000001243
0.000000001243
0.000000001243
0.000000001243
0.000000001243
0.000000001243
0.000000001243
0.000000001243
0.000000001243
0.000000001243
0.000000001243
0.000000001243
0.000000001242
0.000000001242
0.000000001242
0.000000001242
0.000000001242
0.000000001242
0.000000001242
0.000000001242
0.000000001242
0.000000001242
0.000000001242
0.000000001242
0.000000001242
0.000000001242
0.000000001242
0.000000001242
0.000000001242
0.000000001242
0.000000001242
0.000000001242
0.000000001242
0.000000001242
0.000000001242
0.000000001242
0.000000001242
0.000000001242
0.000000001242
0.000000001242
0.000000001242
0.000000001242
0.000000001242
0.000000001242
0.000000001242
0.000000001242
0.000000001242
0.000000001242
0.000000001242
0.000000001242
0.000000001242
0.000000001242
0.000000001242
0.000000001242
0.000000001242
0.000000001242
0.000000001242
0.000000001242
0.000000001242
0.000000001242
0.000000001242
0.000000001242
0.000000001242
0.000000001242
0.000000001242
0.000000001242
0.000000001242
0.000000001242
0.000000001242
0.000000001242
0.000000001242
0.000000001242
0.000000001242
0.000000001242
0.000000001242
0.000000001242
0.000000001242
0.000000001242
0.000000001242
0.000000001242
0.000000001242
0.000000001242
0.000000001242
0.000000001242
0.000000001242
0.000000001242
0.000000001242
0.000000001242
0.000000001242
0.000000001242
0.000000001242
0.000000001242
0.000000001242
0.000000001242
0.000000001242
0.000000001242
0.000000001242
0.000000001242
0.000000001242
0.000000001242
0.000000001242
0.000000001242
0.000000001242
0.000000001242
0.000000001242
0.000000001242
0.000000001242
0.000000001242
0.000000001242
0.000000001242
0.000000001242
0.000000001242
0.000000001242
0.000000001242
0.000000001242
0.000000001242
0.000000001242
0.000000001242
0.000000001241
0.000000001241
0.000000001241
0.000000001241
0.000000001241
0.000000001241
0.000000001241
0.000000001241
0.000000001241
0.000000001241
0.000000001241
0.000000001241
0.000000001241
0.000000001241
0.000000001241
0.000000001241
0.000000001241
0.000000001241
0.000000001241
0.000000001241
0.000000001241
0.000000001241
0.000000001241
0.000000001241
0.000000001241
0.000000001241
0.000000001241
0.000000001241
0.000000001241
0.000000001241
0.000000001241
0.000000001241
0.000000001241
0.000000001241
0.000000001241
0.000000001241
0.000000001241
0.000000001241
0.000000001241
0.000000001241
0.000000001241
0.000000001241
0.000000001241
0.000000001241
0.000000001241
0.000000001241
0.000000001241
0.000000001241
0.000000001241
0.000000001241
0.000000001241
0.000000001241
0.000000001241
0.000000001241
0.000000001241
0.000000001241
0.000000001241
0.000000001241
0.000000001241
0.000000001241
0.000000001241
0.000000001241
0.000000001241
0.000000001241
0.000000001241
0.000000001241
0.000000001241
0.000000001241
0.000000001241
0.000000001241
0.000000001241
0.000000001241
0.000000001241
0.000000001241
0.000000001241
0.000000001241
0.000000001241
0.000000001241
0.000000001241
0.000000001241
0.000000001241
0.000000001241
0.000000001241
0.000000001241
0.000000001241
0.000000001241
0.000000001241
0.000000001241
0.000000001241
0.000000001241
0.000000001241
0.000000001241
0.000000001241
0.000000001241
0.000000001241
0.000000001241
0.000000001241
0.000000001241
0.000000001241
0.000000001241
0.000000001241
0.000000001241
0.000000001241
0.000000001241
0.000000001241
0.000000001241
0.000000001241
0.000000001241
0.000000001241
0.000000001241
0.000000001241
0.000000001241
0.000000001241
0.000000001241
0.000000001241
0.000000001241
0.000000001241
0.000000001241
0.000000001241
0.000000001241
0.000000001241
0.000000001241
0.000000001241
0.000000001241
0.000000001241
0.000000001241
0.000000001241
0.000000001241
0.000000001241
0.000000001241
0.000000001241
0.000000001241
0.000000001241
0.000000001241
0.000000001241
0.000000001241
0.000000001241
0.000000001241
0.000000001241
0.000000001241
0.000000001241
0.000000001241
0.000000001241
0.000000001241
0.000000001241
0.000000001241
0.000000001241
0.000000001241
0.000000001241
0.000000001241
0.000000001241
0.000000001241
0.000000001241
0.000000001241
0.000000001241
0.000000001241
0.000000001241
0.000000001241
0.000000001241
0.000000001241
0.000000001241
0.000000001241
0.000000001241
0.000000001241
0.000000001241
0.000000001241
0.000000001241
0.000000001241
0.000000001241
0.000000001241
0.000000001241
0.000000001241
0.000000001241
0.000000001241
0.000000001241
0.000000001241
0.000000001241
0.000000001241
0.000000001241
0.000000001241
0.000000001241
0.000000001241
0.000000001241
0.000000001241
0.000000001241
0.000000001241
0.000000001241
0.000000001241
0.000000001241
0.000000001241
0.000000001241
0.000000001241
0.000000001241
0.000000001241
0.000000001241
0.000000001241
0.000000001241
0.000000001241
0.000000001241
0.000000001241
0.000000001241
0.000000001241
0.000000001241
0.000000001241
0.000000001241
0.000000001241
0.000000001241
0.000000001241
0.000000001241
0.000000001241
0.000000001241
0.000000001241
0.000000001241
0.000000001241
0.000000001241
0.000000001241
0.000000001241
0.000000001241
0.000000001241
0.000000001241
0.000000001241
0.000000001241
0.000000001241
0.000000001241
0.000000001241
0.000000001241
0.000000001241
0.000000001241
0.000000001241
0.000000001241
0.000000001241
0.000000001241
0.000000001241
0.000000001241
0.000000001241
0.000000001241
0.000000001241
0.000000001241
0.000000001241
0.000000001241
0.000000001241
0.000000001241
0.000000001241
0.000000001241
0.000000001241
0.000000001241
0.000000001241
0.000000001241
0.000000001241
0.000000001241
0.000000001241
0.000000001241
0.000000001241
0.000000001241
0.000000001241
0.000000001241
0.000000001241
0.000000001241
0.000000001241
0.000000001241
0.000000001241
0.000000001241
0.000000001241
0.000000001241
0.000000001241
0.000000001241
0.000000001241
0.000000001241
0.000000001241
0.000000001241
0.000000001241
0.000000001241
0.000000001241
0.000000001241
0.000000001241
0.000000001241
0.000000001241
0.000000001241
0.000000001241
0.000000001241
0.000000001241
0.000000001241
0.000000001241
0.000000001241
0.000000001241
0.000000001241
0.000000001241
0.000000001241
0.000000001241
0.000000001241
0.000000001241
0.000000001241
0.000000001241
0.000000001241
0.000000001241
0.000000001241
0.000000001241
0.000000001241
0.000000001241
0.000000001241
0.000000001241
0.000000001241
0.000000001241
0.000000001241
0.000000001241
0.000000001241
0.000000001241
0.000000001241
0.000000001241
0.000000001241
0.000000001241
0.000000001241
0.000000001241
0.000000001241
0.000000001241
0.000000001241
0.000000001241
0.000000001241
0.000000001241
0.000000001241
0.000000001241
0.000000001241
0.000000001241
0.000000001241
0.000000001241
0.000000001241
0.000000001241
0.000000001241
0.000000001241
0.000000001241
0.000000001241
0.000000001241
0.000000001241
0.000000001241
0.000000001241
0.000000001241
0.000000001241
0.000000001241
0.000000001241
0.000000001241
0.000000001241
0.000000001241
0.000000001241
0.000000001241
0.000000001241
0.000000001241
0.000000001241
0.000000001241
0.000000001241
0.000000001241
0.000000001241
0.000000001241
0.000000001241
0.000000001241
0.000000001241
0.000000001241
0.000000001241
0.000000001241
0.000000001241
0.000000001241
0.000000001241
0.000000001241
0.000000001241
0.000000001241
0.000000001241
0.000000001241
0.000000001241
0.000000001241
0.000000001241
0.000000001241
0.000000001241
0.000000001241
0.000000001241
0.000000001241
0.000000001241
0.000000001241
0.000000001241
0.000000001241
0.000000001241
0.000000001241
0.000000001241
0.000000001241
0.000000001241
0.000000001241
0.000000001241
0.000000001241
0.000000001241
0.000000001241
0.000000001241
0.000000001241
0.000000001241
0.000000001241
0.000000001241
0.000000001241
0.000000001241
0.000000001241
0.000000001241
0.000000001241
0.000000001241
0.000000001241
0.000000001241
0.000000001241
0.000000001241
0.000000001241
0.000000001241
0.000000001241
0.000000001241
0.000000001241
0.000000001241
0.000000001241
0.000000001241
0.000000001241
0.000000001241
0.000000001241
0.000000001241
0.000000001241
0.000000001241
0.000000001241
0.000000001241
0.000000001241
0.000000001241
0.000000001241
0.000000001241
0.000000001241
0.000000001241
0.000000001241
0.000000001241
0.000000001241
0.000000001241
0.000000001241
0.000000001241
0.000000001241
0.000000001241
0.000000001241
0.000000001241
0.000000001241
0.000000001241
0.000000001241
0.000000001241
0.000000001241
0.000000001241
0.000000001241
0.000000001241
0.000000001241
0.000000001241
0.000000001241
0.000000001241
0.000000001241
0.000000001241
0.000000001241
0.000000001241
0.000000001241
0.000000001241
0.000000001241
0.000000001241
0.000000001241
0.000000001241
0.000000001241
0.000000001241
0.000000001241
0.000000001241
0.000000001241
0.000000001241
0.000000001241
0.000000001241
0.000000001241
0.000000001241
0.000000001241
0.000000001241
0.000000001241
0.000000001241
0.000000001241
0.000000001241
0.000000001241
0.000000001241
0.000000001241
0.000000001241
0.000000001241
0.000000001241
0.000000001241
0.000000001241
0.000000001241
0.000000001241
0.000000001241
0.000000001241
0.000000001241
0.000000001241
0.000000001241
0.000000001241
0.000000001241
0.000000001241
0.000000001241
0.000000001241
0.000000001241
0.000000001241
0.000000001241
0.000000001241
0.000000001241
0.000000001241
0.000000001241
0.000000001241
0.000000001241
0.000000001241
0.000000001241
0.000000001241
0.000000001241
0.000000001241
0.000000001241
0.000000001241
0.000000001241
0.000000001241
0.000000001241
0.000000001241
0.000000001241
0.000000001241
0.000000001241
0.000000001241
0.000000001241
0.000000001241
0.000000001241
0.000000001241
0.000000001241
0.000000001241
0.000000001241
0.000000001241
0.000000001241
0.000000001241
0.000000001241
0.000000001241
0.000000001241
0.000000001241
0.000000001241
0.000000001241
0.000000001241
0.000000001241
0.000000001241
0.000000001241
0.000000001241
0.000000001241
0.000000001241
0.000000001241
0.000000001241
0.000000001241
0.000000001241
0.000000001241
0.000000001241
0.000000001241
0.000000001241
0.000000001241
0.000000001241
0.000000001241
0.000000001241
0.000000001241
0.000000001241
0.000000001241
0.000000001241
0.000000001241
0.000000001241
0.000000001241
0.000000001241
0.000000001241
0.000000001241
0.000000001241
0.000000001241
0.000000001241
0.000000001241
0.000000001241
0.000000001241
0.000000001241
0.000000001241
0.000000001241
0.000000001241
0.000000001241
0.000000001241
0.000000001241
0.000000001241
0.000000001241
0.000000001241
0.000000001241
0.000000001241
0.000000001241
0.000000001241
0.000000001241
0.000000001241
0.000000001241
0.000000001241
0.000000001241
0.000000001241
0.000000001241
0.000000001241
0.000000001241
0.000000001241
0.000000001241
0.000000001241
0.000000001241
0.000000001241
0.000000001241
0.000000001241
0.000000001241
0.000000001241
0.000000001241
0.000000001241
0.000000001241
0.000000001241
0.000000001241
0.000000001241
0.000000001241
0.000000001241
0.000000001241
0.000000001241
0.000000001241
0.000000001241
0.000000001241
0.000000001241
0.000000001241
0.000000001241
0.000000001241
0.000000001241
0.000000001241
0.000000001241
0.000000001241
0.000000001241
0.000000001241
0.000000001241
0.000000001241
0.000000001241
0.000000001241
0.000000001241
0.000000001241
0.000000001241
0.000000001241
0.000000001241
0.000000001241
0.000000001241
0.000000001241
0.000000001241
0.000000001241
0.000000001241
0.000000001241
0.000000001241
0.000000001241
0.000000001241
0.000000001241
0.000000001241
0.000000001241
0.000000001241
0.000000001241
0.000000001241
0.000000001241
0.000000001241
0.000000001241
0.000000001241
0.000000001241
0.000000001241
0.000000001241
0.000000001241
0.000000001241
0.000000001241
0.000000001241
0.000000001241
0.000000001241
0.000000001241
0.000000001241
0.000000001241
0.000000001241
0.000000001241
0.000000001241
0.000000001241
0.000000001241
0.000000001241
0.000000001241
0.000000001241
0.000000001241
0.000000001241
0.000000001241
0.000000001241
0.000000001241
0.000000001241
0.000000001241
0.000000001241
0.000000001241
0.000000001241
0.000000001241
0.000000001241
0.000000001241
0.000000001241
0.000000001241
0.000000001241
0.000000001241
0.000000001241
0.000000001241
0.000000001241
0.000000001241
0.000000001241
0.000000001241
0.000000001241
0.000000001241
0.000000001241
0.000000001241
0.000000001241
0.000000001241
0.000000001241
0.000000001241
0.000000001241
0.000000001241
0.000000001241
0.000000001241
0.000000001241
0.000000001241
0.000000001241
0.000000001241
0.000000001241
0.000000001241
0.000000001241
0.000000001241
0.000000001241
0.000000001241
0.000000001241
0.000000001241
0.000000001241
0.000000001241
0.000000001241
0.000000001241
0.000000001241
0.000000001241
0.000000001241
0.000000001241
0.000000001241
0.000000001241
0.000000001241
0.000000001241
0.000000001241
0.000000001241
0.000000001241
0.000000001241
0.000000001241
0.000000001241
0.000000001241
0.000000001241
0.000000001241
0.000000001241
0.000000001241
0.000000001241
0.000000001241
0.000000001241
0.000000001241
0.000000001241
0.000000001241
0.000000001241
0.000000001241
0.000000001241
0.000000001241
0.000000001241
0.000000001241
0.000000001241
0.000000001241
0.000000001241
0.000000001241
0.000000001241
0.000000001241
0.000000001241
0.000000001241
0.000000001241
0.000000001241
0.000000001241
0.000000001241
0.000000001241
0.000000001241
0.000000001241
0.000000001241
0.000000001241
0.000000001241
0.000000001241
0.000000001241
0.000000001241
0.000000001241
0.000000001241
0.000000001241
0.000000001241
0.000000001241
0.000000001241
0.000000001241
0.000000001241
0.000000001241
0.000000001241
0.000000001241
0.000000001241
0.000000001241
0.000000001241
0.000000001241
0.000000001241
0.000000001241
0.000000001241
0.000000001241
0.000000001241
0.000000001241
0.000000001241
0.000000001241
0.000000001241
0.000000001241
0.000000001241
0.000000001241
0.000000001241
0.000000001241
0.000000001241
0.000000001241
0.000000001241
0.000000001241
0.000000001241
0.000000001241
0.000000001241
0.000000001241
0.000000001241
0.000000001241
0.000000001241
0.000000001241
0.000000001241
0.000000001241
0.000000001241
0.000000001241
0.000000001241
0.000000001241
0.000000001241
0.000000001241
0.000000001241
0.000000001241
0.000000001241
0.000000001241
0.000000001241
0.000000001241
0.000000001241
0.000000001241
0.000000001241
0.000000001241
0.000000001241
0.000000001241
0.000000001241
0.000000001241
0.000000001241
0.000000001241
0.000000001241
0.000000001241
0.000000001241
0.000000001241
0.000000001241
0.000000001241
0.000000001241
0.000000001241
0.000000001241
0.000000001241
0.000000001241
0.000000001241
0.000000001241
0.000000001241
0.000000001241
0.000000001241
0.000000001241
0.000000001241
0.000000001241
0.000000001241
0.000000001241
0.000000001241
0.000000001241
0.000000001241
0.000000001241
0.000000001241
0.000000001241
0.000000001241
0.000000001241
0.000000001241
0.000000001241
0.000000001241
0.000000001241
0.000000001241
0.000000001241
0.000000001241
0.000000001241
0.000000001241
0.000000001241
0.000000001241
0.000000001241
0.000000001241
0.000000001241
0.000000001241
0.000000001241
0.000000001241
0.000000001241
0.000000001241
0.000000001241
0.000000001241
0.000000001241
0.000000001241
0.000000001241
0.000000001241
0.000000001241
0.000000001241
0.000000001241
0.000000001241
0.000000001241
0.000000001241
0.000000001241
0.000000001241
0.000000001241
0.000000001241
0.000000001241
0.000000001241
0.000000001241
0.000000001241
0.000000001241
0.000000001241
0.000000001241
0.000000001241
0.000000001241
0.000000001241
0.000000001241
0.000000001241
0.000000001241
0.000000001241
0.000000001241
0.000000001241
0.000000001241
0.000000001241
0.000000001241
0.000000001241
0.000000001241
0.000000001241
0.000000001241
0.000000001241
0.000000001241
0.000000001241
0.000000001241
0.000000001241
0.000000001241
0.000000001241
0.000000001241
0.000000001241
0.000000001241
0.000000001241
0.000000001241
0.000000001241
0.000000001241
0.000000001241
0.000000001241
0.000000001241
0.000000001241
0.000000001241
0.000000001241
0.000000001241
0.000000001241
0.000000001241
0.000000001241
0.000000001241
0.000000001241
0.000000001241
0.000000001241
0.000000001241
0.000000001241
0.000000001241
0.000000001241
0.000000001241
0.000000001241
0.000000001241
0.000000001241
0.000000001241
0.000000001241
0.000000001241
0.000000001241
0.000000001241
0.000000001241
0.000000001241
0.000000001241
0.000000001241
0.000000001241
0.000000001241
0.000000001241
0.000000001241
0.000000001241
0.000000001241
0.000000001241
0.000000001241
0.000000001241
0.000000001241
0.000000001241
0.000000001241
0.000000001241
0.000000001241
0.000000001241
0.000000001241
0.000000001241
0.000000001241
0.000000001241
0.000000001241
0.000000001241
0.000000001241
0.000000001241
0.000000001241
0.000000001241
0.000000001241
0.000000001241
0.000000001241
0.000000001241
0.000000001241
0.000000001241
0.000000001241
0.000000001241
0.000000001241
0.000000001241
0.000000001241
0.000000001241
0.000000001241
0.000000001241
0.000000001241
0.000000001241
0.000000001241
0.000000001241
0.000000001241
0.000000001241
0.000000001241
0.000000001241
0.000000001241
0.000000001241
0.000000001241
0.000000001241
0.000000001241
0.000000001241
0.000000001241
0.000000001241
0.000000001241
0.000000001241
0.000000001241
0.000000001241
0.000000001241
0.000000001241
0.000000001241
0.000000001241
0.000000001241
0.000000001241
0.000000001241
0.000000001241
0.000000001241
0.000000001241
0.000000001241
0.000000001241
0.000000001241
0.000000001241
0.000000001241
0.000000001241
0.000000001241
0.000000001241
0.000000001241
0.000000001241
0.000000001241
0.000000001241
0.000000001241
0.000000001241
0.000000001241
0.000000001241
0.000000001241
0.000000001241
0.000000001241
0.000000001241
0.000000001241
0.000000001241
0.000000001241
0.000000001241
0.000000001241
0.000000001241
0.000000001241
0.000000001241
0.000000001241
0.000000001241
