0.000082847844
0.000084987261
0.000087086111
0.000089144856
0.000091163959
0.000093143881
0.000095085087
0.000096988037
0.000098853195
0.000100681023
0.000102471983
0.000104226538
0.000105945151
0.000107628283
0.000109276397
0.000110889955
0.000112469421
0.000114015257
0.000115527924
0.000117007885
0.000118455604
0.000119871545
0.000121256189
0.000122610017
0.000123933515
0.000125227163
0.000126491447
0.000127726847
0.000128933848
0.000130112933
0.000131264584
0.000132389285
0.000133487519
0.000134559768
0.000135606516
0.000136628246
0.000137625440
0.000138598582
0.000139548156
0.000140474643
0.000141378527
0.000142260278
0.000143120321
0.000143959066
0.000144776924
0.000145574305
0.000146351622
0.000147109284
0.000147847703
0.000148567290
0.000149268456
0.000149951611
0.000150617168
0.000151265536
0.000151897126
0.000152512351
0.000153111620
0.000153695345
0.000154263936
0.000154817805
0.000155357363
0.000155882998
0.000156395012
0.000156893683
0.000157379290
0.000157852111
0.000158312427
0.000158760514
0.000159196652
0.000159621121
0.000160034198
0.000160436162
0.000160827293
0.000161207868
0.000161578167
0.000161938469
0.000162289052
0.000162630196
0.000162962178
0.000163285277
0.000163599774
0.000163905922
0.000164203886
0.000164493808
0.000164775827
0.000165050084
0.000165316721
0.000165575878
0.000165827695
0.000166072315
0.000166309877
0.000166540522
0.000166764392
0.000166981627
0.000167192367
0.000167396754
0.000167594928
0.000167787031
0.000167973203
0.000168153584
0.000168328316
0.000168497540
0.000168661396
0.000168820025
0.000168973569
0.000169122166
0.000169265960
0.000169405090
0.000169539697
0.000169669922
0.000169795906
0.000169917789
0.000170035713
0.000170149819
0.000170260246
0.000170367136
0.000170470630
0.000170570869
0.000170667992
0.000170762142
0.000170853459
0.000170942069
0.000171028040
0.000171111422
0.000171192271
0.000171270636
0.000171346572
0.000171420130
0.000171491364
0.000171560325
0.000171627065
0.000171691638
0.000171754096
0.000171814492
0.000171872877
0.000171929304
0.000171983826
0.000172036495
0.000172087363
0.000172136484
0.000172183909
0.000172229691
0.000172273880
0.000172316525
0.000172357677
0.000172397385
0.000172435700
0.000172472670
0.000172508347
0.000172542780
0.000172576018
0.000172608112
0.000172639112
0.000172669067
0.000172698027
0.000172726042
0.000172753163
0.000172779438
0.000172804917
0.000172829652
0.000172853690
0.000172877080
0.000172899852
0.000172922035
0.000172943657
0.000172964746
0.000172985331
0.000173005441
0.000173025102
0.000173044345
0.000173063196
0.000173081684
0.000173099838
0.000173117686
0.000173135255
0.000173152576
0.000173169675
0.000173186580
0.000173203321
0.000173219926
0.000173236423
0.000173252838
0.000173269191
0.000173285500
0.000173301784
0.000173318060
0.000173334347
0.000173350663
0.000173367025
0.000173383452
0.000173399962
0.000173416572
0.000173433302
0.000173450169
0.000173467190
0.000173484385
0.000173501772
0.000173519367
0.000173537191
0.000173555259
0.000173573591
0.000173592205
0.000173611116
0.000173630339
0.000173649891
0.000173669787
0.000173690043
0.000173710674
0.000173731696
0.000173753124
0.000173774974
0.000173797261
0.000173820002
0.000173843212
0.000173866906
0.000173891099
0.000173915809
0.000173941049
0.000173966836
0.000173993185
0.000174020112
0.000174047629
0.000174075732
0.000174104415
0.000174133670
0.000174163491
0.000174193870
0.000174224800
0.000174256275
0.000174288288
0.000174320830
0.000174353904
0.000174387534
0.000174421757
0.000174456607
0.000174492117
0.000174528322
0.000174565257
0.000174602955
0.000174641452
0.000174680781
0.000174720968
0.000174762000
0.000174803857
0.000174846518
0.000174889962
0.000174934168
0.000174979115
0.000175024781
0.000175071146
0.000175118189
0.000175165896
0.000175214282
0.000175263370
0.000175313181
0.000175363739
0.000175415065
0.000175467181
0.000175520111
0.000175573876
0.000175628499
0.000175683998
0.000175740380
0.000175797647
0.000175855800
0.000175914843
0.000175974778
0.000176035607
0.000176097333
0.000176159958
0.000176223483
0.000176287913
0.000176353248
0.000176419492
0.000176486646
0.000176554714
0.000176623696
0.000176693597
0.000176764418
0.000176836161
0.000176908829
0.000176982424
0.000177056947
0.000177132399
0.000177208782
0.000177286096
0.000177364342
0.000177443521
0.000177523634
0.000177604682
0.000177686667
0.000177769589
0.000177853449
0.000177938248
0.000178023987
0.000178110668
0.000178198290
0.000178286856
0.000178376366
0.000178466821
0.000178558222
0.000178650571
0.000178743871
0.000178838126
0.000178933339
0.000179029516
0.000179126659
0.000179224773
0.000179323861
0.000179423927
0.000179524976
0.000179627011
0.000179730036
0.000179834055
0.000179939072
0.000180045091
0.000180152115
0.000180260149
0.000180369197
0.000180479262
0.000180590348
0.000180702459
0.000180815595
0.000180929756
0.000181044943
0.000181161156
0.000181278395
0.000181396659
0.000181515950
0.000181636266
0.000181757609
0.000181879979
0.000182003374
0.000182127797
0.000182253246
0.000182379722
0.000182507225
0.000182635755
0.000182765313
0.000182895897
0.000183027509
0.000183160149
0.000183293817
0.000183428512
0.000183564235
0.000183700986
0.000183838765
0.000183977573
0.000184117409
0.000184258273
0.000184400166
0.000184543088
0.000184687038
0.000184832018
0.000184978027
0.000185125065
0.000185273132
0.000185422229
0.000185572355
0.000185723511
0.000185875697
0.000186028912
0.000186183156
0.000186338427
0.000186494723
0.000186652044
0.000186810387
0.000186969752
0.000187130136
0.000187291539
0.000187453958
0.000187617393
0.000187781842
0.000187947303
0.000188113776
0.000188281258
0.000188449749
0.000188619246
0.000188789748
0.000188961255
0.000189133763
0.000189307273
0.000189481782
0.000189657290
0.000189833793
0.000190011293
0.000190189785
0.000190369270
0.000190549746
0.000190731211
0.000190913665
0.000191097104
0.000191281529
0.000191466937
0.000191653328
0.000191840699
0.000192029049
0.000192218377
0.000192408681
0.000192599961
0.000192792214
0.000192985438
0.000193179631
0.000193374788
0.000193570906
0.000193767981
0.000193966010
0.000194164988
0.000194364912
0.000194565778
0.000194767583
0.000194970323
0.000195173993
0.000195378591
0.000195584113
0.000195790554
0.000195997912
0.000196206182
0.000196415361
0.000196625445
0.000196836429
0.000197048312
0.000197261088
0.000197474755
0.000197689307
0.000197904743
0.000198121057
0.000198338247
0.000198556308
0.000198775236
0.000198995029
0.000199215682
0.000199437192
0.000199659554
0.000199882766
0.000200106823
0.000200331722
0.000200557458
0.000200784029
0.000201011431
0.000201239659
0.000201468710
0.000201698577
0.000201929254
0.000202160734
0.000202393009
0.000202626075
0.000202859923
0.000203094547
0.000203329940
0.000203566096
0.000203803007
0.000204040668
0.000204279071
0.000204518210
0.000204758077
0.000204998667
0.000205239972
0.000205481986
0.000205724702
0.000205968114
0.000206212213
0.000206456995
0.000206702452
0.000206948577
0.000207195364
0.000207442806
0.000207690895
0.000207939627
0.000208188993
0.000208438987
0.000208689603
0.000208940833
0.000209192671
0.000209445110
0.000209698143
0.000209951764
0.000210205967
0.000210460743
0.000210716087
0.000210971991
0.000211228449
0.000211485452
0.000211742990
0.000212001053
0.000212259632
0.000212518717
0.000212778300
0.000213038369
0.000213298917
0.000213559933
0.000213821407
0.000214083331
0.000214345695
0.000214608489
0.000214871703
0.000215135329
0.000215399356
0.000215663775
0.000215928577
0.000216193752
0.000216459290
0.000216725183
0.000216991420
0.000217257991
0.000217524888
0.000217792101
0.000218059621
0.000218327437
0.000218595540
0.000218863922
0.000219132571
0.000219401479
0.000219670636
0.000219940033
0.000220209660
0.000220479508
0.000220749567
0.000221019827
0.000221290280
0.000221560914
0.000221831722
0.000222102691
0.000222373809
0.000222645066
0.000222916450
0.000223187949
0.000223459552
0.000223731246
0.000224003022
0.000224274866
0.000224546768
0.000224818715
0.000225090698
0.000225362702
0.000225634718
0.000225906734
0.000226178738
0.000226450719
0.000226722664
0.000226994563
0.000227266404
0.000227538176
0.000227809866
0.000228081464
0.000228352957
0.000228624335
0.000228895585
0.000229166696
0.000229437657
0.000229708456
0.000229979081
0.000230249521
0.000230519764
0.000230789800
0.000231059615
0.000231329199
0.000231598541
0.000231867628
0.000232136449
0.000232404992
0.000232673247
0.000232941201
0.000233208843
0.000233476162
0.000233743147
0.000234009786
0.000234276068
0.000234541982
0.000234807516
0.000235072659
0.000235337399
0.000235601726
0.000235865628
0.000236129093
0.000236392110
0.000236654669
0.000236916757
0.000237178363
0.000237439476
0.000237700085
0.000237960178
0.000238219744
0.000238478772
0.000238737249
0.000238995166
0.000239252510
0.000239509271
0.000239765436
0.000240020996
0.000240275937
0.000240530249
0.000240783921
0.000241036941
0.000241289298
0.000241540981
0.000241791977
0.000242042277
0.000242291868
0.000242540740
0.000242788880
0.000243036279
0.000243282927
0.000243528817
0.000243773940
0.000244018288
0.000244261854
0.000244504629
0.000244746605
0.000244987775
0.000245228130
0.000245467662
0.000245706363
0.000245944226
0.000246181241
0.000246417401
0.000246652698
0.000246887125
0.000247120672
0.000247353332
0.000247585096
0.000247815958
0.000248045908
0.000248274939
0.000248503042
0.000248730211
0.000248956435
0.000249181708
0.000249406022
0.000249629368
0.000249851739
0.000250073125
0.000250293520
0.000250512916
0.000250731303
0.000250948675
0.000251165023
0.000251380339
0.000251594615
0.000251807843
0.000252020016
0.000252231124
0.000252441166
0.000252650136
0.000252858031
0.000253064849
0.000253270585
0.000253475236
0.000253678799
0.000253881270
0.000254082645
0.000254282921
0.000254482095
0.000254680163
0.000254877121
0.000255072967
0.000255267696
0.000255461305
0.000255653791
0.000255845150
0.000256035379
0.000256224474
0.000256412431
0.000256599248
0.000256784920
0.000256969444
0.000257152818
0.000257335036
0.000257516096
0.000257695994
0.000257874727
0.000258052292
0.000258228684
0.000258403900
0.000258577937
0.000258750792
0.000258922460
0.000259092938
0.000259262224
0.000259430313
0.000259597201
0.000259762887
0.000259927370
0.000260090653
0.000260252737
0.000260413623
0.000260573313
0.000260731808
0.000260889110
0.000261045221
0.000261200141
0.000261353872
0.000261506417
0.000261657775
0.000261807950
0.000261956942
0.000262104752
0.000262251383
0.000262396836
0.000262541111
0.000262684212
0.000262826139
0.000262966894
0.000263106478
0.000263244893
0.000263382140
0.000263518220
0.000263653136
0.000263786889
0.000263919480
0.000264050911
0.000264181183
0.000264310297
0.000264438256
0.000264565061
0.000264690713
0.000264815213
0.000264938564
0.000265060767
0.000265181822
0.000265301733
0.000265420500
0.000265538129
0.000265654624
0.000265769991
0.000265884235
0.000265997361
0.000266109374
0.000266220280
0.000266330084
0.000266438791
0.000266546405
0.000266652934
0.000266758380
0.000266862751
0.000266966050
0.000267068284
0.000267169456
0.000267269574
0.000267368640
0.000267466662
0.000267563644
0.000267659591
0.000267754509
0.000267848402
0.000267941277
0.000268033137
0.000268123988
0.000268213836
0.000268302686
0.000268390542
0.000268477411
0.000268563296
0.000268648204
0.000268732140
0.000268815109
0.000268897115
0.000268978165
0.000269058263
0.000269137414
0.000269215625
0.000269292899
0.000269369244
0.000269444666
0.000269519170
0.000269592764
0.000269665454
0.000269737246
0.000269808146
0.000269878160
0.000269947296
0.000270015559
0.000270082957
0.000270149494
0.000270215177
0.000270280014
0.000270344010
0.000270407171
0.000270469504
0.000270531015
0.000270591711
0.000270651597
0.000270710681
0.000270768968
0.000270826466
0.000270883179
0.000270939116
0.000270994281
0.000271048681
0.000271102323
0.000271155214
0.000271207358
0.000271258763
0.000271309436
0.000271359381
0.000271408607
0.000271457118
0.000271504922
0.000271552025
0.000271598432
0.000271644151
0.000271689188
0.000271733549
0.000271777238
0.000271820263
0.000271862629
0.000271904340
0.000271945405
0.000271985827
0.000272025612
0.000272064767
0.000272103297
0.000272141208
0.000272178506
0.000272215196
0.000272251283
0.000272286775
0.000272321676
0.000272355993
0.000272389730
0.000272422894
0.000272455490
0.000272487525
0.000272519003
0.000272549931
0.000272580314
0.000272610159
0.000272639470
0.000272668254
0.000272696516
0.000272724262
0.000272751497
0.000272778229
0.000272804461
0.000272830200
0.000272855452
0.000272880222
0.000272904516
0.000272928341
0.000272951700
0.000272974601
0.000272997049
0.000273019049
0.000273040606
0.000273061724
0.000273082409
0.000273102666
0.000273122499
0.000273141913
0.000273160914
0.000273179505
0.000273197693
0.000273215482
0.000273232877
0.000273249882
0.000273266504
0.000273282745
0.000273298613
0.000273314110
0.000273329243
0.000273344017
0.000273358435
0.000273372503
0.000273386227
0.000273399610
0.000273412658
0.000273425375
0.000273437767
0.000273449839
0.000273461595
0.000273473040
0.000273484180
0.000273495018
0.000273505560
0.000273515812
0.000273525777
0.000273535461
0.000273544868
0.000273554004
0.000273562874
0.000273571481
0.000273579832
0.000273587928
0.000273595774
0.000273603371
0.000273610723
0.000273617833
0.000273624702
0.000273631335
0.000273637734
0.000273643901
0.000273649840
0.000273655554
0.000273661045
0.000273666316
0.000273671370
0.000273676210
0.000273680838
0.000273685258
0.000273689473
0.000273693485
0.000273697296
0.000273700911
0.000273704332
0.000273707561
0.000273710601
0.000273713456
0.000273716127
0.000273718619
0.000273720934
0.000273723074
0.000273725042
0.000273726842
0.000273728476
0.000273729947
0.000273731258
0.000273732412
0.000273733411
0.000273734258
0.000273734957
0.000273735509
0.000273735919
0.000273736187
0.000273736317
0.000273736309
0.000273736167
0.000273735892
0.000273735487
0.000273734953
0.000273734293
0.000273733509
0.000273732602
0.000273731576
0.000273730431
0.000273729171
0.000273727797
0.000273726311
0.000273724716
0.000273723013
0.000273721205
0.000273719294
0.000273717281
0.000273715169
0.000273712961
0.000273710657
0.000273708261
0.000273705774
0.000273703198
0.000273700536
0.000273697790
0.000273694961
0.000273692052
0.000273689065
0.000273686002
0.000273682865
0.000273679656
0.000273676377
0.000273673031
0.000273669619
0.000273666144
0.000273662608
0.000273659012
0.000273655358
0.000273651647
0.000273647881
0.000273644060
0.000273640185
0.000273636258
0.000273632280
0.000273628252
0.000273624176
0.000273620051
0.000273615880
0.000273611664
0.000273607403
0.000273603100
0.000273598754
0.000273594368
0.000273589943
0.000273585479
0.000273580977
0.000273576440
0.000273571867
0.000273567261
0.000273562623
0.000273557952
0.000273553252
0.000273548522
0.000273543765
0.000273538980
0.000273534170
0.000273529335
0.000273524477
0.000273519597
0.000273514696
0.000273509775
0.000273504835
0.000273499877
0.000273494903
0.000273489914
0.000273484911
0.000273479895
0.000273474866
0.000273469825
0.000273464773
0.000273459711
0.000273454637
0.000273449555
0.000273444463
0.000273439362
0.000273434253
0.000273429137
0.000273424014
0.000273418884
0.000273413748
0.000273408607
0.000273403461
0.000273398310
0.000273393156
0.000273387998
0.000273382838
0.000273377675
0.000273372511
0.000273367345
0.000273362179
0.000273357013
0.000273351847
0.000273346682
0.000273341519
0.000273336358
0.000273331200
0.000273326044
0.000273320892
0.000273315745
0.000273310602
0.000273305465
0.000273300333
0.000273295208
0.000273290090
0.000273284979
0.000273279876
0.000273274781
0.000273269695
0.000273264618
0.000273259550
0.000273254491
0.000273249440
0.000273244399
0.000273239368
0.000273234345
0.000273229333
0.000273224329
0.000273219336
0.000273214353
0.000273209379
0.000273204416
0.000273199463
0.000273194520
0.000273189587
0.000273184666
0.000273179755
0.000273174854
0.000273169965
0.000273165087
0.000273160219
0.000273155363
0.000273150519
0.000273145686
0.000273140864
0.000273136055
0.000273131257
0.000273126471
0.000273121697
0.000273116935
0.000273112186
0.000273107449
0.000273102724
0.000273098012
0.000273093313
0.000273088627
0.000273083953
0.000273079293
0.000273074646
0.000273070013
0.000273065394
0.000273060789
0.000273056199
0.000273051623
0.000273047063
0.000273042517
0.000273037988
0.000273033475
0.000273028977
0.000273024497
0.000273020033
0.000273015586
0.000273011156
0.000273006745
0.000273002351
0.000272997975
0.000272993618
0.000272989280
0.000272984961
0.000272980662
0.000272976382
0.000272972122
0.000272967882
0.000272963663
0.000272959464
0.000272955287
0.000272951131
0.000272946997
0.000272942885
0.000272938795
0.000272934727
0.000272930683
0.000272926661
0.000272922663
0.000272918689
0.000272914739
0.000272910813
0.000272906911
0.000272903033
0.000272899180
0.000272895349
0.000272891542
0.000272887757
0.000272883994
0.000272880253
0.000272876533
0.000272872834
0.000272869155
0.000272865497
0.000272861858
0.000272858239
0.000272854638
0.000272851056
0.000272847492
0.000272843946
0.000272840417
0.000272836904
0.000272833408
0.000272829928
0.000272826464
0.000272823015
0.000272819581
0.000272816161
0.000272812755
0.000272809363
0.000272805983
0.000272802617
0.000272799263
0.000272795921
0.000272792590
0.000272789271
0.000272785963
0.000272782664
0.000272779376
0.000272776097
0.000272772827
0.000272769566
0.000272766314
0.000272763070
0.000272759835
0.000272756611
0.000272753396
0.000272750192
0.000272747000
0.000272743819
0.000272740650
0.000272737494
0.000272734351
0.000272731222
0.000272728106
0.000272725006
0.000272721920
0.000272718850
0.000272715797
0.000272712759
0.000272709739
0.000272706736
0.000272703751
0.000272700785
0.000272697837
0.000272694909
0.000272692001
0.000272689114
0.000272686247
0.000272683402
0.000272680578
0.000272677777
0.000272674999
0.000272672244
0.000272669513
0.000272666806
0.000272664124
0.000272661467
0.000272658836
0.000272656231
0.000272653653
0.000272651102
0.000272648578
0.000272646082
0.000272643611
0.000272641167
0.000272638747
0.000272636352
0.000272633980
0.000272631632
0.000272629305
0.000272627000
0.000272624716
0.000272622453
0.000272620208
0.000272617983
0.000272615776
0.000272613586
0.000272611414
0.000272609257
0.000272607116
0.000272604990
0.000272602877
0.000272600779
0.000272598693
0.000272596619
0.000272594557
0.000272592505
0.000272590463
0.000272588431
0.000272586408
0.000272584392
0.000272582384
0.000272580383
0.000272578388
0.000272576397
0.000272574412
0.000272572431
0.000272570453
0.000272568477
0.000272566503
0.000272564531
0.000272562560
0.000272560589
0.000272558620
0.000272556654
0.000272554690
0.000272552729
0.000272550772
0.000272548819
0.000272546871
0.000272544928
0.000272542990
0.000272541059
0.000272539135
0.000272537218
0.000272535309
0.000272533408
0.000272531517
0.000272529634
0.000272527761
0.000272525899
0.000272524048
0.000272522208
0.000272520380
0.000272518564
0.000272516761
0.000272514972
0.000272513197
0.000272511437
0.000272509691
0.000272507961
0.000272506247
0.000272504550
0.000272502869
0.000272501207
0.000272499562
0.000272497936
0.000272496330
0.000272494743
0.000272493176
0.000272491630
0.000272490105
0.000272488600
0.000272487116
0.000272485652
0.000272484206
0.000272482779
0.000272481370
0.000272479979
0.000272478605
0.000272477247
0.000272475904
0.000272474578
0.000272473266
0.000272471968
0.000272470685
0.000272469414
0.000272468156
0.000272466911
0.000272465677
0.000272464454
0.000272463241
0.000272462039
0.000272460846
0.000272459663
0.000272458487
0.000272457320
0.000272456160
0.000272455007
0.000272453860
0.000272452719
0.000272451583
0.000272450452
0.000272449325
0.000272448202
0.000272447082
0.000272445965
0.000272444849
0.000272443735
0.000272442623
0.000272441510
0.000272440398
0.000272439286
0.000272438174
0.000272437064
0.000272435955
0.000272434847
0.000272433741
0.000272432638
0.000272431537
0.000272430439
0.000272429344
0.000272428253
0.000272427166
0.000272426083
0.000272425004
0.000272423931
0.000272422863
0.000272421800
0.000272420743
0.000272419693
0.000272418649
0.000272417612
0.000272416582
0.000272415560
0.000272414545
0.000272413539
0.000272412542
0.000272411553
0.000272410574
0.000272409604
0.000272408644
0.000272407694
0.000272406755
0.000272405826
0.000272404909
0.000272404004
0.000272403110
0.000272402228
0.000272401359
0.000272400503
0.000272399660
0.000272398830
0.000272398012
0.000272397206
0.000272396413
0.000272395630
0.000272394858
0.000272394098
0.000272393347
0.000272392606
0.000272391875
0.000272391153
0.000272390440
0.000272389735
0.000272389038
0.000272388349
0.000272387667
0.000272386992
0.000272386324
0.000272385662
0.000272385006
0.000272384355
0.000272383710
0.000272383069
0.000272382433
0.000272381801
0.000272381172
0.000272380547
0.000272379924
0.000272379304
0.000272378687
0.000272378071
0.000272377456
0.000272376843
0.000272376230
0.000272375618
0.000272375006
0.000272374393
0.000272373780
0.000272373165
0.000272372549
0.000272371932
0.000272371314
0.000272370695
0.000272370076
0.000272369457
0.000272368838
0.000272368220
0.000272367603
0.000272366986
0.000272366371
0.000272365757
0.000272365146
0.000272364536
0.000272363929
0.000272363325
0.000272362724
0.000272362126
0.000272361531
0.000272360941
0.000272360355
0.000272359773
0.000272359196
0.000272358624
0.000272358057
0.000272357496
0.000272356941
0.000272356391
0.000272355849
0.000272355313
0.000272354784
0.000272354262
0.000272353748
0.000272353241
0.000272352743
0.000272352253
0.000272351772
0.000272351300
0.000272350837
0.000272350383
0.000272349940
0.000272349505
0.000272349080
0.000272348664
0.000272348256
0.000272347857
0.000272347465
0.000272347080
0.000272346703
0.000272346333
0.000272345969
0.000272345611
0.000272345259
0.000272344912
0.000272344570
0.000272344234
0.000272343901
0.000272343573
0.000272343249
0.000272342928
0.000272342610
0.000272342295
0.000272341982
0.000272341672
0.000272341363
0.000272341055
0.000272340749
0.000272340444
0.000272340138
0.000272339833
0.000272339528
0.000272339222
0.000272338916
0.000272338608
0.000272338298
0.000272337986
0.000272337673
0.000272337356
0.000272337037
0.000272336714
0.000272336388
0.000272336059
0.000272335726
0.000272335390
0.000272335052
0.000272334711
0.000272334368
0.000272334022
0.000272333674
0.000272333325
0.000272332974
0.000272332622
0.000272332269
0.000272331914
0.000272331559
0.000272331204
0.000272330848
0.000272330492
0.000272330136
0.000272329781
0.000272329425
0.000272329071
0.000272328718
0.000272328365
0.000272328014
0.000272327665
0.000272327317
0.000272326971
0.000272326627
0.000272326286
0.000272325947
0.000272325611
0.000272325277
0.000272324947
0.000272324621
0.000272324298
0.000272323979
0.000272323663
0.000272323352
0.000272323045
0.000272322743
0.000272322446
0.000272322152
0.000272321864
0.000272321579
0.000272321299
0.000272321024
0.000272320752
0.000272320484
0.000272320221
0.000272319962
0.000272319706
0.000272319455
0.000272319207
0.000272318963
0.000272318723
0.000272318487
0.000272318254
0.000272318025
0.000272317799
0.000272317577
0.000272317358
0.000272317142
0.000272316930
0.000272316721
0.000272316515
0.000272316312
0.000272316113
0.000272315916
0.000272315722
0.000272315531
0.000272315343
0.000272315158
0.000272314975
0.000272314795
0.000272314618
0.000272314443
0.000272314270
0.000272314100
0.000272313933
0.000272313767
0.000272313604
0.000272313444
0.000272313285
0.000272313129
0.000272312975
0.000272312823
0.000272312673
0.000272312525
0.000272312379
0.000272312236
0.000272312094
0.000272311955
0.000272311817
0.000272311681
0.000272311548
0.000272311416
0.000272311286
0.000272311158
0.000272311032
0.000272310908
0.000272310785
0.000272310665
0.000272310546
0.000272310429
0.000272310313
0.000272310199
0.000272310087
0.000272309977
0.000272309868
0.000272309760
0.000272309654
0.000272309550
0.000272309448
0.000272309346
0.000272309247
0.000272309148
0.000272309051
0.000272308956
0.000272308862
0.000272308769
0.000272308677
0.000272308587
0.000272308498
0.000272308411
0.000272308324
0.000272308239
0.000272308155
0.000272308072
0.000272307991
0.000272307910
0.000272307830
0.000272307752
0.000272307674
0.000272307598
0.000272307523
0.000272307448
0.000272307375
0.000272307302
0.000272307230
0.000272307159
0.000272307089
0.000272307020
0.000272306952
0.000272306884
0.000272306817
0.000272306751
0.000272306686
0.000272306621
0.000272306557
0.000272306493
0.000272306431
0.000272306368
0.000272306307
0.000272306245
0.000272306185
0.000272306125
0.000272306065
0.000272306006
0.000272305947
0.000272305888
0.000272305830
0.000272305772
0.000272305715
0.000272305658
0.000272305601
0.000272305544
0.000272305488
0.000272305432
0.000272305376
0.000272305320
0.000272305264
0.000272305209
0.000272305153
0.000272305097
0.000272305042
0.000272304987
0.000272304931
0.000272304876
0.000272304820
0.000272304764
0.000272304709
0.000272304653
0.000272304597
0.000272304541
0.000272304485
0.000272304429
0.000272304373
0.000272304317
0.000272304261
0.000272304205
0.000272304149
0.000272304093
0.000272304037
0.000272303981
0.000272303925
0.000272303870
0.000272303814
0.000272303758
0.000272303702
0.000272303647
0.000272303591
0.000272303536
0.000272303481
0.000272303426
0.000272303371
0.000272303316
0.000272303261
0.000272303207
0.000272303152
0.000272303098
0.000272303044
0.000272302990
0.000272302936
0.000272302883
0.000272302830
0.000272302777
0.000272302724
0.000272302672
0.000272302619
0.000272302567
0.000272302515
0.000272302464
0.000272302413
0.000272302362
0.000272302311
0.000272302261
0.000272302211
0.000272302161
0.000272302112
0.000272302063
0.000272302014
0.000272301966
0.000272301918
0.000272301871
0.000272301824
0.000272301777
0.000272301731
0.000272301685
0.000272301639
0.000272301594
0.000272301550
0.000272301505
0.000272301462
0.000272301418
0.000272301376
0.000272301333
0.000272301292
0.000272301250
0.000272301209
0.000272301169
0.000272301129
0.000272301090
0.000272301051
0.000272301013
0.000272300976
0.000272300939
0.000272300902
0.000272300866
0.000272300831
0.000272300797
0.000272300762
0.000272300729
0.000272300696
0.000272300664
0.000272300633
0.000272300602
0.000272300571
0.000272300542
0.000272300513
0.000272300485
0.000272300457
0.000272300431
0.000272300405
0.000272300379
0.000272300355
0.000272300331
0.000272300308
0.000272300285
0.000272300264
0.000272300243
0.000272300223
0.000272300204
0.000272300185
0.000272300167
0.000272300150
0.000272300134
0.000272300118
0.000272300103
0.000272300089
0.000272300075
0.000272300062
0.000272300049
0.000272300038
0.000272300027
0.000272300016
0.000272300006
0.000272299997
0.000272299988
0.000272299980
0.000272299973
0.000272299966
0.000272299959
0.000272299953
0.000272299948
0.000272299943
0.000272299939
0.000272299935
0.000272299931
0.000272299928
0.000272299926
0.000272299924
0.000272299922
0.000272299921
0.000272299920
0.000272299920
0.000272299920
0.000272299920
0.000272299921
0.000272299922
0.000272299924
0.000272299926
0.000272299928
0.000272299930
0.000272299933
0.000272299936
0.000272299940
0.000272299943
0.000272299947
0.000272299952
0.000272299956
0.000272299961
0.000272299966
0.000272299971
0.000272299976
0.000272299982
0.000272299988
0.000272299994
0.000272300000
0.000272300006
0.000272300012
0.000272300019
0.000272300026
0.000272300032
0.000272300039
0.000272300046
0.000272300053
0.000272300060
0.000272300068
0.000272300075
0.000272300082
0.000272300089
0.000272300097
0.000272300104
0.000272300111
0.000272300119
0.000272300126
0.000272300133
0.000272300141
0.000272300148
0.000272300155
0.000272300162
0.000272300169
0.000272300176
0.000272300182
0.000272300189
0.000272300196
0.000272300202
0.000272300208
0.000272300214
0.000272300220
0.000272300226
0.000272300231
0.000272300237
0.000272300242
0.000272300247
0.000272300251
0.000272300256
0.000272300260
0.000272300264
0.000272300267
0.000272300271
0.000272300274
0.000272300277
0.000272300279
0.000272300282
0.000272300284
0.000272300286
0.000272300287
0.000272300289
0.000272300290
0.000272300291
0.000272300292
0.000272300292
0.000272300293
0.000272300293
0.000272300293
0.000272300293
0.000272300292
0.000272300292
0.000272300291
0.000272300291
0.000272300290
0.000272300289
0.000272300288
0.000272300286
0.000272300285
0.000272300283
0.000272300282
0.000272300280
0.000272300278
0.000272300276
0.000272300274
0.000272300272
0.000272300270
0.000272300268
0.000272300266
0.000272300263
0.000272300261
0.000272300258
0.000272300256
0.000272300253
0.000272300251
0.000272300248
0.000272300246
0.000272300243
0.000272300241
0.000272300238
0.000272300236
0.000272300233
0.000272300231
0.000272300228
0.000272300226
0.000272300224
0.000272300221
0.000272300219
0.000272300217
0.000272300215
0.000272300213
0.000272300211
0.000272300209
0.000272300207
0.000272300205
0.000272300204
0.000272300202
0.000272300201
0.000272300199
0.000272300198
0.000272300197
0.000272300196
0.000272300196
0.000272300195
0.000272300195
0.000272300194
0.000272300194
0.000272300194
0.000272300195
0.000272300195
0.000272300196
0.000272300197
0.000272300198
0.000272300199
0.000272300200
0.000272300202
0.000272300204
0.000272300206
0.000272300208
0.000272300211
0.000272300214
0.000272300217
0.000272300220
0.000272300224
0.000272300228
0.000272300232
0.000272300237
0.000272300241
0.000272300247
0.000272300252
0.000272300258
0.000272300264
0.000272300270
0.000272300277
0.000272300284
0.000272300291
0.000272300299
0.000272300307
0.000272300315
0.000272300323
0.000272300332
0.000272300341
0.000272300351
0.000272300361
0.000272300371
0.000272300381
0.000272300392
0.000272300402
0.000272300414
0.000272300425
0.000272300437
0.000272300449
0.000272300461
0.000272300474
0.000272300487
0.000272300500
0.000272300513
0.000272300527
0.000272300541
0.000272300555
0.000272300569
0.000272300584
0.000272300599
0.000272300614
0.000272300630
0.000272300645
0.000272300661
0.000272300677
0.000272300694
0.000272300710
0.000272300727
0.000272300744
0.000272300762
0.000272300779
0.000272300797
0.000272300815
0.000272300833
0.000272300852
0.000272300870
0.000272300889
0.000272300908
0.000272300927
0.000272300947
0.000272300967
0.000272300987
0.000272301007
0.000272301027
0.000272301047
0.000272301068
0.000272301089
0.000272301110
0.000272301131
0.000272301153
0.000272301174
0.000272301196
0.000272301218
0.000272301240
0.000272301262
0.000272301285
0.000272301307
0.000272301330
0.000272301353
0.000272301376
0.000272301399
0.000272301423
0.000272301446
0.000272301470
0.000272301494
0.000272301518
0.000272301542
0.000272301566
0.000272301591
0.000272301615
0.000272301640
0.000272301665
0.000272301690
0.000272301715
0.000272301740
0.000272301765
0.000272301791
0.000272301816
0.000272301842
0.000272301868
0.000272301893
0.000272301919
0.000272301945
0.000272301972
0.000272301998
0.000272302024
0.000272302051
0.000272302077
0.000272302104
0.000272302131
0.000272302158
0.000272302185
0.000272302212
0.000272302239
0.000272302266
0.000272302293
0.000272302320
0.000272302348
0.000272302375
0.000272302403
0.000272302430
0.000272302458
0.000272302485
0.000272302513
0.000272302541
0.000272302569
0.000272302597
0.000272302624
0.000272302652
0.000272302680
0.000272302708
0.000272302737
0.000272302765
0.000272302793
0.000272302821
0.000272302849
0.000272302877
0.000272302906
0.000272302934
0.000272302962
0.000272302990
0.000272303019
0.000272303047
0.000272303075
0.000272303104
0.000272303132
0.000272303160
0.000272303189
0.000272303217
0.000272303245
0.000272303274
0.000272303302
0.000272303330
0.000272303358
0.000272303387
0.000272303415
0.000272303443
0.000272303471
0.000272303500
0.000272303528
0.000272303556
0.000272303584
0.000272303612
0.000272303640
0.000272303668
0.000272303696
0.000272303723
0.000272303751
0.000272303779
0.000272303807
0.000272303834
0.000272303862
0.000272303889
0.000272303917
0.000272303944
0.000272303972
0.000272303999
0.000272304026
0.000272304053
0.000272304080
0.000272304107
0.000272304134
0.000272304161
0.000272304188
0.000272304214
0.000272304241
0.000272304267
0.000272304293
0.000272304320
0.000272304346
0.000272304372
0.000272304398
0.000272304424
0.000272304449
0.000272304475
0.000272304500
0.000272304526
0.000272304551
0.000272304576
0.000272304601
0.000272304626
0.000272304651
0.000272304675
0.000272304700
0.000272304724
0.000272304748
0.000272304772
0.000272304796
0.000272304820
0.000272304844
0.000272304867
0.000272304890
0.000272304914
0.000272304937
0.000272304960
0.000272304982
0.000272305005
0.000272305027
0.000272305049
0.000272305072
0.000272305093
0.000272305115
0.000272305137
0.000272305158
0.000272305179
0.000272305201
0.000272305221
0.000272305242
0.000272305263
0.000272305283
0.000272305303
0.000272305323
0.000272305343
0.000272305363
0.000272305383
0.000272305402
0.000272305421
0.000272305440
0.000272305459
0.000272305477
0.000272305496
0.000272305514
0.000272305532
0.000272305550
0.000272305567
0.000272305585
0.000272305602
0.000272305619
0.000272305636
0.000272305652
0.000272305669
0.000272305685
0.000272305701
0.000272305717
0.000272305733
0.000272305748
0.000272305763
0.000272305778
0.000272305793
0.000272305807
0.000272305822
0.000272305836
0.000272305850
0.000272305863
0.000272305877
0.000272305890
0.000272305903
0.000272305916
0.000272305928
0.000272305941
0.000272305953
0.000272305965
0.000272305976
0.000272305988
0.000272305999
0.000272306010
0.000272306020
0.000272306031
0.000272306041
0.000272306051
0.000272306061
0.000272306070
0.000272306079
0.000272306088
0.000272306097
0.000272306106
0.000272306114
0.000272306122
0.000272306130
0.000272306137
0.000272306144
0.000272306151
0.000272306158
0.000272306164
0.000272306171
0.000272306177
0.000272306182
0.000272306188
0.000272306193
0.000272306198
0.000272306202
0.000272306206
0.000272306211
0.000272306214
0.000272306218
0.000272306221
0.000272306224
0.000272306227
0.000272306229
0.000272306231
0.000272306233
0.000272306234
0.000272306236
0.000272306237
0.000272306237
0.000272306238
0.000272306238
0.000272306238
0.000272306237
0.000272306236
0.000272306235
0.000272306234
0.000272306232
0.000272306230
0.000272306228
0.000272306225
0.000272306222
0.000272306219
0.000272306216
0.000272306212
0.000272306208
0.000272306203
0.000272306198
0.000272306193
0.000272306188
0.000272306182
0.000272306176
0.000272306170
0.000272306163
0.000272306156
0.000272306149
0.000272306141
0.000272306133
0.000272306125
0.000272306116
0.000272306108
0.000272306098
0.000272306089
0.000272306079
0.000272306068
0.000272306058
0.000272306047
0.000272306036
0.000272306024
0.000272306012
0.000272306000
0.000272305987
0.000272305974
0.000272305961
0.000272305947
0.000272305933
0.000272305918
0.000272305904
0.000272305889
0.000272305873
0.000272305857
0.000272305841
0.000272305825
0.000272305808
0.000272305790
0.000272305773
0.000272305755
0.000272305736
0.000272305718
0.000272305699
0.000272305679
0.000272305659
0.000272305639
0.000272305618
0.000272305598
0.000272305576
0.000272305554
0.000272305532
0.000272305510
0.000272305487
0.000272305464
0.000272305440
0.000272305416
0.000272305392
0.000272305367
0.000272305342
0.000272305316
0.000272305290
0.000272305264
0.000272305237
0.000272305210
0.000272305182
0.000272305154
0.000272305126
0.000272305097
0.000272305068
0.000272305039
0.000272305009
0.000272304978
0.000272304947
0.000272304916
0.000272304885
0.000272304853
0.000272304820
