2.197832437
2.091151693
1.987742880
1.887547608
1.790507486
1.696564124
1.605659133
1.517734121
1.432730699
1.350590476
1.271255062
1.194666066
1.120765099
1.049493770
0.980793688
0.914606465
0.850873708
0.789537029
0.730538036
0.673818339
0.619319549
0.566980033
0.516725193
0.468477189
0.422158181
0.377690328
0.334995792
0.293996732
0.254615308
0.216773680
0.180394009
0.145398453
0.111709174
0.079248331
0.047938084
0.017700593
-0.011541981
-0.039867479
-0.067353742
-0.094078608
-0.120119918
-0.145544166
-0.170372464
-0.194614578
-0.218280274
-0.241379318
-0.263921475
-0.285916512
-0.307374195
-0.328304289
-0.348716561
-0.368620777
-0.388026702
-0.406944103
-0.425382746
-0.443352395
-0.460862819
-0.477923782
-0.494545050
-0.510736390
-0.526507567
-0.541868442
-0.556829252
-0.571400330
-0.585592006
-0.599414614
-0.612878484
-0.625993949
-0.638771341
-0.651220992
-0.663353234
-0.675178397
-0.686706816
-0.697948821
-0.708914744
-0.719614917
-0.730059672
-0.740259341
-0.750224257
-0.759964750
-0.769491153
-0.778812660
-0.787933919
-0.796858439
-0.805589729
-0.814131300
-0.822486660
-0.830659319
-0.838652787
-0.846470573
-0.854116188
-0.861593140
-0.868904940
-0.876055096
-0.883047118
-0.889884517
-0.896570801
-0.903109481
-0.909504065
-0.915758063
-0.921874986
-0.927858246
-0.933710878
-0.939435818
-0.945036003
-0.950514372
-0.955873861
-0.961117408
-0.966247950
-0.971268425
-0.976181770
-0.980990698
-0.985697027
-0.990302481
-0.994809313
-0.999219845
-1.003536162
-1.007760283
-1.011894197
-1.015939869
-1.019899182
-1.023773988
-1.027566077
-1.031277211
-1.034909091
-1.038463388
-1.041941719
-1.045345676
-1.048676796
-1.051936591
-1.055126525
-1.058248037
-1.061302520
-1.064291344
-1.067215836
-1.070077303
-1.072877009
-1.075616197
-1.078296075
-1.080917826
-1.083482603
-1.085991538
-1.088445727
-1.090846249
-1.093194154
-1.095490472
-1.097736204
-1.099932336
-1.102079822
-1.104179606
-1.106232599
-1.108239703
-1.110201791
-1.112119724
-1.113994337
-1.115826454
-1.117616876
-1.119366389
-1.121075760
-1.122745744
-1.124377073
-1.125970471
-1.127526640
-1.129046272
-1.130530041
-1.131978610
-1.133392625
-1.134772722
-1.136119520
-1.137433630
-1.138715645
-1.139966151
-1.141185716
-1.142374904
-1.143534261
-1.144664326
-1.145765626
-1.146838676
-1.147883983
-1.148902044
-1.149893343
-1.150858358
-1.151797554
-1.152711392
-1.153600319
-1.154464777
-1.155305197
-1.156122002
-1.156915607
-1.157686421
-1.158434842
-1.159161263
-1.159866067
-1.160549634
-1.161212331
-1.161854522
-1.162476565
-1.163078811
-1.163661594
-1.164225251
-1.164770139
-1.165296590
-1.165804819
-1.166295072
-1.166767858
-1.167223658
-1.167662588
-1.168084738
-1.168490458
-1.168880131
-1.169254026
-1.169612385
-1.169955474
-1.170283564
-1.170596907
-1.170895754
-1.171180351
-1.171450944
-1.171707768
-1.171951060
-1.172181048
-1.172397958
-1.172602014
-1.172793432
-1.172972429
-1.173139214
-1.173293995
-1.173436976
-1.173568357
-1.173688335
-1.173797103
-1.173894852
-1.173981768
-1.174058035
-1.174123834
-1.174179343
-1.174224736
-1.174260185
-1.174285859
-1.174301923
-1.174308542
-1.174305876
-1.174294083
-1.174273318
-1.174243734
-1.174205483
-1.174158711
-1.174103564
-1.174040186
-1.173968717
-1.173889297
-1.173802061
-1.173707143
-1.173604676
-1.173494788
-1.173377608
-1.173253262
-1.173121873
-1.172983564
-1.172838453
-1.172686659
-1.172528298
-1.172363483
-1.172192328
-1.172014943
-1.171831437
-1.171641918
-1.171446490
-1.171245257
-1.171038323
-1.170825788
-1.170607752
-1.170384310
-1.170155561
-1.169921598
-1.169682514
-1.169438403
-1.169189353
-1.168935454
-1.168676794
-1.168413458
-1.168145533
-1.167873101
-1.167596245
-1.167315046
-1.167029584
-1.166739939
-1.166446188
-1.166148406
-1.165846670
-1.165541053
-1.165231629
-1.164918469
-1.164601645
-1.164281227
-1.163957283
-1.163629882
-1.163299088
-1.162964970
-1.162627592
-1.162287017
-1.161943309
-1.161596529
-1.161246739
-1.160893999
-1.160538369
-1.160179906
-1.159818669
-1.159454714
-1.159088099
-1.158718877
-1.158347103
-1.157972831
-1.157596114
-1.157217003
-1.156835550
-1.156451806
-1.156065821
-1.155677643
-1.155287322
-1.154894905
-1.154500440
-1.154103972
-1.153705548
-1.153305212
-1.152903010
-1.152498984
-1.152093179
-1.151685637
-1.151276400
-1.150865510
-1.150453007
-1.150038931
-1.149623323
-1.149206222
-1.148787666
-1.148367694
-1.147946343
-1.147523649
-1.147099651
-1.146674383
-1.146247881
-1.145820181
-1.145391317
-1.144961323
-1.144530231
-1.144098076
-1.143664892
-1.143230709
-1.142795559
-1.142359473
-1.141922484
-1.141484621
-1.141045914
-1.140606394
-1.140166088
-1.139725027
-1.139283239
-1.138840751
-1.138397592
-1.137953789
-1.137509368
-1.137064357
-1.136618781
-1.136172667
-1.135726041
-1.135278926
-1.134831349
-1.134383333
-1.133934902
-1.133486082
-1.133036895
-1.132587365
-1.132137514
-1.131687364
-1.131236938
-1.130786259
-1.130335348
-1.129884227
-1.129432915
-1.128981434
-1.128529806
-1.128078050
-1.127626185
-1.127174232
-1.126722210
-1.126270140
-1.125818038
-1.125365924
-1.124913818
-1.124461736
-1.124009696
-1.123557717
-1.123105816
-1.122654010
-1.122202316
-1.121750751
-1.121299332
-1.120848075
-1.120396996
-1.119946110
-1.119495434
-1.119044982
-1.118594771
-1.118144815
-1.117695129
-1.117245729
-1.116796628
-1.116347841
-1.115899381
-1.115451263
-1.115003499
-1.114556105
-1.114109093
-1.113662476
-1.113216267
-1.112770480
-1.112325126
-1.111880219
-1.111435770
-1.110991792
-1.110548296
-1.110105294
-1.109662798
-1.109220820
-1.108779371
-1.108338462
-1.107898104
-1.107458307
-1.107019083
-1.106580442
-1.106142395
-1.105704951
-1.105268122
-1.104831916
-1.104396345
-1.103961417
-1.103527141
-1.103093529
-1.102660588
-1.102228329
-1.101796760
-1.101365889
-1.100935727
-1.100506281
-1.100077561
-1.099649574
-1.099222329
-1.098795835
-1.098370098
-1.097945128
-1.097520931
-1.097097517
-1.096674892
-1.096253065
-1.095832041
-1.095411829
-1.094992437
-1.094573871
-1.094156137
-1.093739243
-1.093323196
-1.092908002
-1.092493668
-1.092080200
-1.091667606
-1.091255890
-1.090845060
-1.090435122
-1.090026080
-1.089617942
-1.089210712
-1.088804398
-1.088399005
-1.087994538
-1.087591002
-1.087188403
-1.086786746
-1.086386037
-1.085986280
-1.085587481
-1.085189644
-1.084792775
-1.084396878
-1.084001958
-1.083608019
-1.083215067
-1.082823105
-1.082432139
-1.082042172
-1.081653208
-1.081265252
-1.080878309
-1.080492381
-1.080107472
-1.079723588
-1.079340731
-1.078958906
-1.078578116
-1.078198364
-1.077819654
-1.077441990
-1.077065376
-1.076689813
-1.076315307
-1.075941859
-1.075569473
-1.075198152
-1.074827900
-1.074458718
-1.074090611
-1.073723581
-1.073357629
-1.072992760
-1.072628976
-1.072266280
-1.071904674
-1.071544160
-1.071184741
-1.070826418
-1.070469196
-1.070113076
-1.069758059
-1.069404149
-1.069051347
-1.068699654
-1.068349074
-1.067999608
-1.067651259
-1.067304026
-1.066957914
-1.066612922
-1.066269054
-1.065926309
-1.065584691
-1.065244200
-1.064904838
-1.064566606
-1.064229507
-1.063893539
-1.063558706
-1.063225009
-1.062892448
-1.062561024
-1.062230740
-1.061901595
-1.061573590
-1.061246728
-1.060921007
-1.060596430
-1.060272998
-1.059950712
-1.059629567
-1.059309561
-1.058990721
-1.058673064
-1.058356539
-1.058041103
-1.057726800
-1.057413682
-1.057101732
-1.056790926
-1.056481264
-1.056172754
-1.055865397
-1.055559190
-1.055254132
-1.054950226
-1.054647470
-1.054345866
-1.054045412
-1.053746108
-1.053447955
-1.053150953
-1.052855101
-1.052560398
-1.052266845
-1.051974442
-1.051683187
-1.051393081
-1.051104123
-1.050816312
-1.050529649
-1.050244133
-1.049959763
-1.049676539
-1.049394458
-1.049113523
-1.048833730
-1.048555080
-1.048277572
-1.048001205
-1.047725979
-1.047451893
-1.047178944
-1.046907133
-1.046636459
-1.046366921
-1.046098517
-1.045831246
-1.045565108
-1.045300101
-1.045036224
-1.044773477
-1.044511857
-1.044251364
-1.043991995
-1.043733751
-1.043476629
-1.043220628
-1.042965748
-1.042711985
-1.042459340
-1.042207810
-1.041957393
-1.041708089
-1.041459896
-1.041212812
-1.040966836
-1.040721965
-1.040478199
-1.040235536
-1.039993974
-1.039753510
-1.039514144
-1.039275873
-1.039038696
-1.038802611
-1.038567616
-1.038333709
-1.038100888
-1.037869151
-1.037638497
-1.037408923
-1.037180427
-1.036953007
-1.036726661
-1.036501388
-1.036277184
-1.036054047
-1.035831976
-1.035610969
-1.035391023
-1.035172136
-1.034954307
-1.034737531
-1.034521808
-1.034307134
-1.034093508
-1.033880927
-1.033669390
-1.033458892
-1.033249433
-1.033041009
-1.032833618
-1.032627259
-1.032421927
-1.032217620
-1.032014337
-1.031812075
-1.031610832
-1.031410603
-1.031211387
-1.031013181
-1.030815985
-1.030619796
-1.030424602
-1.030230397
-1.030037219
-1.029845074
-1.029653812
-1.029463388
-1.029274361
-1.029086877
-1.028898844
-1.028708951
-1.028521238
-1.028339292
-1.028159520
-1.027977877
-1.027795669
-1.027614981
-1.027435661
-1.027257145
-1.027079472
-1.026902788
-1.026727080
-1.026552304
-1.026378461
-1.026205557
-1.026033590
-1.025862554
-1.025692445
-1.025523262
-1.025355001
-1.025187659
-1.025021232
-1.024855720
-1.024691118
-1.024527422
-1.024364631
-1.024202740
-1.024041746
-1.023881647
-1.023722439
-1.023564120
-1.023406686
-1.023250134
-1.023094462
-1.022939664
-1.022785739
-1.022632684
-1.022480495
-1.022329168
-1.022178702
-1.022029092
-1.021880335
-1.021732429
-1.021585370
-1.021439155
-1.021293780
-1.021149242
-1.021005539
-1.020862667
-1.020720622
-1.020579402
-1.020439002
-1.020299420
-1.020160653
-1.020022697
-1.019885550
-1.019749208
-1.019613667
-1.019478924
-1.019344976
-1.019211820
-1.019079452
-1.018947869
-1.018817068
-1.018687046
-1.018557799
-1.018429324
-1.018301618
-1.018174678
-1.018048500
-1.017923081
-1.017798417
-1.017674505
-1.017551342
-1.017428925
-1.017307250
-1.017186315
-1.017066116
-1.016946649
-1.016827912
-1.016709900
-1.016592611
-1.016476042
-1.016360189
-1.016245049
-1.016130618
-1.016016894
-1.015903873
-1.015791552
-1.015679927
-1.015568996
-1.015458754
-1.015349200
-1.015240329
-1.015132138
-1.015024625
-1.014917785
-1.014811616
-1.014706114
-1.014601277
-1.014497100
-1.014393581
-1.014290717
-1.014188504
-1.014086938
-1.013986018
-1.013885739
-1.013786099
-1.013687094
-1.013588721
-1.013490977
-1.013393859
-1.013297363
-1.013201487
-1.013106226
-1.013011580
-1.012917544
-1.012824114
-1.012731288
-1.012639062
-1.012547434
-1.012456400
-1.012365957
-1.012276103
-1.012186834
-1.012098148
-1.012010039
-1.011922507
-1.011835548
-1.011749159
-1.011663336
-1.011578077
-1.011493379
-1.011409239
-1.011325653
-1.011242618
-1.011160133
-1.011078194
-1.010996796
-1.010915939
-1.010835618
-1.010755832
-1.010676576
-1.010597848
-1.010519645
-1.010441964
-1.010364803
-1.010288158
-1.010212026
-1.010136404
-1.010061291
-1.009986682
-1.009912575
-1.009838966
-1.009765855
-1.009693237
-1.009621110
-1.009549470
-1.009478315
-1.009407642
-1.009337449
-1.009267733
-1.009198490
-1.009129719
-1.009061416
-1.008993579
-1.008926204
-1.008859290
-1.008792834
-1.008726833
-1.008661283
-1.008596183
-1.008531530
-1.008467322
-1.008403555
-1.008340226
-1.008277334
-1.008214875
-1.008152848
-1.008091250
-1.008030077
-1.007969327
-1.007908998
-1.007849088
-1.007789594
-1.007730512
-1.007671841
-1.007613578
-1.007555722
-1.007498269
-1.007441216
-1.007384561
-1.007328302
-1.007272436
-1.007216962
-1.007161876
-1.007107176
-1.007052860
-1.006998925
-1.006945369
-1.006892190
-1.006839384
-1.006786951
-1.006734888
-1.006683191
-1.006631860
-1.006580891
-1.006530283
-1.006480032
-1.006430137
-1.006380596
-1.006331406
-1.006282565
-1.006234070
-1.006185921
-1.006138114
-1.006090647
-1.006043517
-1.005996724
-1.005950264
-1.005904137
-1.005858338
-1.005812867
-1.005767720
-1.005722897
-1.005678394
-1.005634211
-1.005590344
-1.005546792
-1.005503553
-1.005460625
-1.005418005
-1.005375691
-1.005333682
-1.005291975
-1.005250570
-1.005209463
-1.005168652
-1.005128136
-1.005087912
-1.005047979
-1.005008336
-1.004968979
-1.004929907
-1.004891118
-1.004852610
-1.004814382
-1.004776431
-1.004738755
-1.004701353
-1.004664224
-1.004627364
-1.004590773
-1.004554448
-1.004518388
-1.004482591
-1.004447055
-1.004411777
-1.004376758
-1.004341994
-1.004307485
-1.004273229
-1.004239222
-1.004205464
-1.004171954
-1.004138689
-1.004105668
-1.004072890
-1.004040352
-1.004008053
-1.003975991
-1.003944164
-1.003912572
-1.003881212
-1.003850083
-1.003819183
-1.003788511
-1.003758065
-1.003727843
-1.003697844
-1.003668066
-1.003638508
-1.003609169
-1.003580046
-1.003551139
-1.003522445
-1.003493963
-1.003465693
-1.003437632
-1.003409779
-1.003382132
-1.003354690
-1.003327451
-1.003300415
-1.003273579
-1.003246942
-1.003220504
-1.003194262
-1.003168215
-1.003142361
-1.003116701
-1.003091231
-1.003065951
-1.003040859
-1.003015954
-1.002991234
-1.002966699
-1.002942347
-1.002918177
-1.002894187
-1.002870376
-1.002846743
-1.002823286
-1.002800005
-1.002776898
-1.002753965
-1.002731202
-1.002708610
-1.002686187
-1.002663932
-1.002641844
-1.002619922
-1.002598163
-1.002576568
-1.002555135
-1.002533863
-1.002512749
-1.002491795
-1.002470999
-1.002450359
-1.002429873
-1.002409541
-1.002389363
-1.002369337
-1.002349461
-1.002329734
-1.002310156
-1.002290725
-1.002271441
-1.002252302
-1.002233308
-1.002214456
-1.002195747
-1.002177179
-1.002158751
-1.002140461
-1.002122310
-1.002104297
-1.002086419
-1.002068676
-1.002051066
-1.002033591
-1.002016253
-1.001999036
-1.001981929
-1.001964960
-1.001948151
-1.001931478
-1.001914913
-1.001898462
-1.001882140
-1.001865944
-1.001849869
-1.001833917
-1.001818084
-1.001802373
-1.001786780
-1.001771306
-1.001755948
-1.001740707
-1.001725583
-1.001710573
-1.001695677
-1.001680894
-1.001666223
-1.001651664
-1.001637215
-1.001622876
-1.001608646
-1.001594525
-1.001580511
-1.001566603
-1.001552802
-1.001539105
-1.001525511
-1.001512022
-1.001498636
-1.001485351
-1.001472168
-1.001459084
-1.001446101
-1.001433216
-1.001420430
-1.001407742
-1.001395149
-1.001382652
-1.001370252
-1.001357945
-1.001345733
-1.001333613
-1.001321586
-1.001309651
-1.001297807
-1.001286054
-1.001274389
-1.001262814
-1.001251328
-1.001239929
-1.001228617
-1.001217391
-1.001206252
-1.001195197
-1.001184227
-1.001173341
-1.001162538
-1.001151817
-1.001141178
-1.001130620
-1.001120143
-1.001109747
-1.001099430
-1.001089192
-1.001079032
-1.001068949
-1.001058945
-1.001049016
-1.001039163
-1.001029386
-1.001019683
-1.001010055
-1.001000501
-1.000991019
-1.000981610
-1.000972274
-1.000963009
-1.000953815
-1.000944691
-1.000935636
-1.000926651
-1.000917735
-1.000908888
-1.000900108
-1.000891395
-1.000882749
-1.000874170
-1.000865656
-1.000857207
-1.000848823
-1.000840503
-1.000832247
-1.000824054
-1.000815924
-1.000807856
-1.000799850
-1.000791905
-1.000784021
-1.000776198
-1.000768435
-1.000760732
-1.000753087
-1.000745501
-1.000737972
-1.000730502
-1.000723090
-1.000715734
-1.000708434
-1.000701190
-1.000694002
-1.000686869
-1.000679791
-1.000672767
-1.000665797
-1.000658880
-1.000652016
-1.000645205
-1.000638446
-1.000631739
-1.000625084
-1.000618481
-1.000611927
-1.000605418
-1.000598969
-1.000592584
-1.000586211
-1.000579837
-1.000573647
-1.000567779
-1.000561971
-1.000555863
-1.000549092
-1.000541473
-1.000533511
-1.000525888
-1.000519283
-1.000514151
-1.000510043
-1.000506283
-1.000502196
-1.000497274
-1.000491682
-1.000485750
-1.000479809
-1.000474121
-1.000468666
-1.000463356
-1.000458101
-1.000452831
-1.000447551
-1.000442283
-1.000437052
-1.000431876
-1.000426753
-1.000421677
-1.000416641
-1.000411639
-1.000406672
-1.000401742
-1.000396849
-1.000391994
-1.000387177
-1.000382398
-1.000377655
-1.000372949
-1.000368278
-1.000363644
-1.000359044
-1.000354480
-1.000349951
-1.000345456
-1.000340996
-1.000336570
-1.000332178
-1.000327820
-1.000323495
-1.000319203
-1.000314944
-1.000310718
-1.000306523
-1.000302361
-1.000298231
-1.000294132
-1.000290065
-1.000286028
-1.000282023
-1.000278049
-1.000274105
-1.000270191
-1.000266307
-1.000262453
-1.000258628
-1.000254833
-1.000251066
-1.000247328
-1.000243619
-1.000239938
-1.000236285
-1.000232661
-1.000229064
-1.000225495
-1.000221953
-1.000218438
-1.000214949
-1.000211488
-1.000208052
-1.000204643
-1.000201261
-1.000197904
-1.000194572
-1.000191267
-1.000187986
-1.000184730
-1.000181499
-1.000178293
-1.000175111
-1.000171954
-1.000168821
-1.000165712
-1.000162626
-1.000159564
-1.000156526
-1.000153510
-1.000150518
-1.000147548
-1.000144601
-1.000141676
-1.000138774
-1.000135893
-1.000133035
-1.000130198
-1.000127383
-1.000124590
-1.000121818
-1.000119067
-1.000116337
-1.000113627
-1.000110939
-1.000108270
-1.000105622
-1.000102994
-1.000100386
-1.000097797
-1.000095229
-1.000092680
-1.000090150
-1.000087640
-1.000085148
-1.000082675
-1.000080221
-1.000077786
-1.000075369
-1.000072970
-1.000070590
-1.000068228
-1.000065884
-1.000063557
-1.000061248
-1.000058957
-1.000056683
-1.000054427
-1.000052187
-1.000049964
-1.000047758
-1.000045569
-1.000043396
-1.000041240
-1.000039100
-1.000036976
-1.000034868
-1.000032776
-1.000030700
-1.000028640
-1.000026595
-1.000024566
-1.000022552
-1.000020554
-1.000018570
-1.000016601
-1.000014647
-1.000012709
-1.000010784
-1.000008875
-1.000006979
-1.000005098
-1.000003231
-1.000001379
-0.999999540
-0.999997715
-0.999995903
-0.999994106
-0.999992322
-0.999990551
-0.999988795
-0.999987051
-0.999985320
-0.999983602
-0.999981897
-0.999980205
-0.999978525
-0.999976859
-0.999975205
-0.999973563
-0.999971933
-0.999970316
-0.999968711
-0.999967118
-0.999965537
-0.999963967
-0.999962410
-0.999960865
-0.999959331
-0.999957808
-0.999956296
-0.999954796
-0.999953307
-0.999951830
-0.999950363
-0.999948908
-0.999947463
-0.999946029
-0.999944606
-0.999943193
-0.999941791
-0.999940400
-0.999939018
-0.999937647
-0.999936286
-0.999934936
-0.999933595
-0.999932265
-0.999930944
-0.999929633
-0.999928332
-0.999927041
-0.999925759
-0.999924487
-0.999923224
-0.999921971
-0.999920727
-0.999919492
-0.999918266
-0.999917049
-0.999915841
-0.999914643
-0.999913453
-0.999912272
-0.999911100
-0.999909937
-0.999908782
-0.999907636
-0.999906498
-0.999905369
-0.999904248
-0.999903135
-0.999902031
-0.999900934
-0.999899846
-0.999898765
-0.999897693
-0.999896629
-0.999895573
-0.999894524
-0.999893484
-0.999892451
-0.999891425
-0.999890407
-0.999889397
-0.999888393
-0.999887398
-0.999886409
-0.999885428
-0.999884455
-0.999883488
-0.999882529
-0.999881576
-0.999880631
-0.999879693
-0.999878761
-0.999877836
-0.999876919
-0.999876008
-0.999875103
-0.999874205
-0.999873314
-0.999872429
-0.999871551
-0.999870679
-0.999869814
-0.999868955
-0.999868102
-0.999867255
-0.999866415
-0.999865581
-0.999864752
-0.999863930
-0.999863114
-0.999862304
-0.999861499
-0.999860701
-0.999859908
-0.999859121
-0.999858340
-0.999857564
-0.999856794
-0.999856030
-0.999855271
-0.999854518
-0.999853771
-0.999853028
-0.999852291
-0.999851559
-0.999850833
-0.999850111
-0.999849395
-0.999848684
-0.999847978
-0.999847277
-0.999846582
-0.999845891
-0.999845206
-0.999844525
-0.999843849
-0.999843178
-0.999842513
-0.999841851
-0.999841195
-0.999840544
-0.999839897
-0.999839254
-0.999838616
-0.999837983
-0.999837353
-0.999836728
-0.999836108
-0.999835495
-0.999834887
-0.999834283
-0.999833681
-0.999833078
-0.999832473
-0.999831874
-0.999831290
-0.999830729
-0.999830193
-0.999829656
-0.999829084
-0.999828446
-0.999827724
-0.999826969
-0.999826248
-0.999825628
-0.999825155
-0.999824783
-0.999824445
-0.999824074
-0.999823619
-0.999823096
-0.999822538
-0.999821980
-0.999821445
-0.999820934
-0.999820436
-0.999819943
-0.999819449
-0.999818952
-0.999818457
-0.999817965
-0.999817478
-0.999816995
-0.999816517
-0.999816042
-0.999815570
-0.999815101
-0.999814635
-0.999814172
-0.999813713
-0.999813257
-0.999812805
-0.999812355
-0.999811909
-0.999811465
-0.999811025
-0.999810588
-0.999810154
-0.999809723
-0.999809294
-0.999808869
-0.999808447
-0.999808028
-0.999807612
-0.999807199
-0.999806788
-0.999806381
-0.999805976
-0.999805573
-0.999805174
-0.999804778
-0.999804385
-0.999803994
-0.999803606
-0.999803220
-0.999802837
-0.999802457
-0.999802079
-0.999801704
-0.999801332
-0.999800962
-0.999800595
-0.999800230
-0.999799868
-0.999799508
-0.999799151
-0.999798796
-0.999798443
-0.999798093
-0.999797746
-0.999797400
-0.999797058
-0.999796717
-0.999796379
-0.999796043
-0.999795710
-0.999795379
-0.999795051
-0.999794726
-0.999794403
-0.999794082
-0.999793762
-0.999793445
-0.999793129
-0.999792814
-0.999792502
-0.999792192
-0.999791883
-0.999791577
-0.999791273
-0.999790971
-0.999790671
-0.999790373
-0.999790078
-0.999789785
-0.999789494
-0.999789205
-0.999788918
-0.999788633
-0.999788350
-0.999788069
-0.999787790
-0.999787512
-0.999787237
-0.999786963
-0.999786691
-0.999786421
-0.999786152
-0.999785885
-0.999785620
-0.999785357
-0.999785096
-0.999784836
-0.999784578
-0.999784322
-0.999784068
-0.999783815
-0.999783564
-0.999783314
-0.999783066
-0.999782820
-0.999782576
-0.999782333
-0.999782092
-0.999781852
-0.999781614
-0.999781378
-0.999781143
-0.999780909
-0.999780677
-0.999780447
-0.999780218
-0.999779991
-0.999779765
-0.999779540
-0.999779318
-0.999779096
-0.999778876
-0.999778657
-0.999778440
-0.999778225
-0.999778010
-0.999777797
-0.999777586
-0.999777376
-0.999777167
-0.999776960
-0.999776754
-0.999776549
-0.999776346
-0.999776144
-0.999775943
-0.999775744
-0.999775546
-0.999775349
-0.999775154
-0.999774959
-0.999774766
-0.999774575
-0.999774384
-0.999774195
-0.999774006
-0.999773819
-0.999773634
-0.999773449
-0.999773266
-0.999773083
-0.999772902
-0.999772722
-0.999772544
-0.999772366
-0.999772190
-0.999772014
-0.999771840
-0.999771667
-0.999771495
-0.999771324
-0.999771154
-0.999770986
-0.999770818
-0.999770652
-0.999770486
-0.999770322
-0.999770158
-0.999769996
-0.999769835
-0.999769674
-0.999769515
-0.999769357
-0.999769199
-0.999769043
-0.999768888
-0.999768733
-0.999768580
-0.999768428
-0.999768276
-0.999768126
-0.999767976
-0.999767827
-0.999767679
-0.999767533
-0.999767387
-0.999767242
-0.999767098
-0.999766954
-0.999766812
-0.999766671
-0.999766530
-0.999766390
-0.999766251
-0.999766113
-0.999765976
-0.999765840
-0.999765704
-0.999765570
-0.999765436
-0.999765303
-0.999765171
-0.999765039
-0.999764909
-0.999764779
-0.999764650
-0.999764522
-0.999764394
-0.999764268
-0.999764142
-0.999764017
-0.999763893
-0.999763769
-0.999763647
-0.999763525
-0.999763403
-0.999763283
-0.999763163
-0.999763044
-0.999762925
-0.999762808
-0.999762691
-0.999762575
-0.999762459
-0.999762344
-0.999762230
-0.999762117
-0.999762004
-0.999761892
-0.999761780
-0.999761669
-0.999761559
-0.999761450
-0.999761341
-0.999761233
-0.999761125
-0.999761018
-0.999760912
-0.999760806
-0.999760701
-0.999760597
-0.999760493
-0.999760390
-0.999760287
-0.999760185
-0.999760084
-0.999759983
-0.999759883
-0.999759784
-0.999759685
-0.999759586
-0.999759489
-0.999759391
-0.999759295
-0.999759199
-0.999759103
-0.999759008
-0.999758914
-0.999758820
-0.999758726
-0.999758633
-0.999758541
-0.999758449
-0.999758358
-0.999758267
-0.999758177
-0.999758087
-0.999757998
-0.999757909
-0.999757821
-0.999757733
-0.999757646
-0.999757560
-0.999757474
-0.999757388
-0.999757303
-0.999757218
-0.999757134
-0.999757050
-0.999756967
-0.999756885
-0.999756802
-0.999756721
-0.999756639
-0.999756558
-0.999756478
-0.999756398
-0.999756318
-0.999756239
-0.999756161
-0.999756082
-0.999756005
-0.999755927
-0.999755850
-0.999755774
-0.999755698
-0.999755622
-0.999755547
-0.999755472
-0.999755398
-0.999755324
-0.999755250
-0.999755177
-0.999755105
-0.999755032
-0.999754960
-0.999754889
-0.999754818
-0.999754747
-0.999754677
-0.999754607
-0.999754537
-0.999754468
-0.999754399
-0.999754331
-0.999754263
-0.999754195
-0.999754128
-0.999754061
-0.999753995
-0.999753928
-0.999753863
-0.999753797
-0.999753732
-0.999753667
-0.999753603
-0.999753539
-0.999753475
-0.999753412
-0.999753348
-0.999753286
-0.999753223
-0.999753161
-0.999753099
-0.999753038
-0.999752977
-0.999752916
-0.999752856
-0.999752796
-0.999752736
-0.999752677
-0.999752617
-0.999752559
-0.999752500
-0.999752442
-0.999752384
-0.999752327
-0.999752269
-0.999752213
-0.999752156
-0.999752100
-0.999752044
-0.999751988
-0.999751933
-0.999751877
-0.999751823
-0.999751768
-0.999751714
-0.999751660
-0.999751606
-0.999751553
-0.999751500
-0.999751447
-0.999751394
-0.999751342
-0.999751290
-0.999751238
-0.999751187
-0.999751135
-0.999751084
-0.999751034
-0.999750983
-0.999750933
-0.999750883
-0.999750833
-0.999750784
-0.999750735
-0.999750686
-0.999750637
-0.999750589
-0.999750540
-0.999750492
-0.999750445
-0.999750397
-0.999750350
-0.999750303
-0.999750256
-0.999750210
-0.999750164
-0.999750118
-0.999750072
-0.999750027
-0.999749981
-0.999749936
-0.999749891
-0.999749847
-0.999749802
-0.999749758
-0.999749714
-0.999749671
-0.999749627
-0.999749584
-0.999749541
-0.999749498
-0.999749455
-0.999749413
-0.999749371
-0.999749329
-0.999749287
-0.999749246
-0.999749204
-0.999749163
-0.999749122
-0.999749081
-0.999749041
-0.999749000
-0.999748960
-0.999748920
-0.999748881
-0.999748841
-0.999748802
-0.999748762
-0.999748723
-0.999748685
-0.999748646
-0.999748607
-0.999748569
-0.999748531
-0.999748493
-0.999748455
-0.999748418
-0.999748380
-0.999748343
-0.999748306
-0.999748269
-0.999748232
-0.999748196
-0.999748160
-0.999748123
-0.999748087
-0.999748052
-0.999748016
-0.999747981
-0.999747945
-0.999747910
-0.999747875
-0.999747840
-0.999747806
-0.999747771
-0.999747737
-0.999747703
-0.999747669
-0.999747635
-0.999747602
-0.999747568
-0.999747535
-0.999747502
-0.999747469
-0.999747436
-0.999747403
-0.999747371
-0.999747339
-0.999747306
-0.999747274
-0.999747242
-0.999747211
-0.999747179
-0.999747147
-0.999747116
-0.999747085
-0.999747054
-0.999747023
-0.999746992
-0.999746962
-0.999746931
-0.999746901
-0.999746871
-0.999746840
-0.999746811
-0.999746781
-0.999746751
-0.999746722
-0.999746692
-0.999746663
-0.999746634
-0.999746605
-0.999746576
-0.999746547
-0.999746519
-0.999746490
-0.999746462
-0.999746434
-0.999746405
-0.999746377
-0.999746350
-0.999746322
-0.999746294
-0.999746267
-0.999746240
-0.999746212
-0.999746185
-0.999746158
-0.999746131
-0.999746105
-0.999746078
-0.999746052
-0.999746025
-0.999745999
-0.999745973
-0.999745947
-0.999745921
-0.999745895
-0.999745869
-0.999745844
-0.999745818
-0.999745793
-0.999745768
-0.999745743
-0.999745718
-0.999745693
-0.999745668
-0.999745643
-0.999745619
-0.999745594
-0.999745570
-0.999745546
-0.999745521
-0.999745497
-0.999745473
-0.999745450
-0.999745426
-0.999745402
-0.999745379
-0.999745355
-0.999745332
-0.999745309
-0.999745286
-0.999745263
-0.999745240
-0.999745217
-0.999745194
-0.999745171
-0.999745149
-0.999745126
-0.999745104
-0.999745082
-0.999745060
-0.999745038
-0.999745016
-0.999744994
-0.999744972
-0.999744950
-0.999744928
-0.999744907
-0.999744885
-0.999744864
-0.999744843
-0.999744822
-0.999744801
-0.999744780
-0.999744759
-0.999744738
-0.999744717
-0.999744696
-0.999744676
-0.999744655
-0.999744635
-0.999744615
-0.999744594
-0.999744574
-0.999744554
-0.999744534
-0.999744514
-0.999744494
-0.999744475
-0.999744455
-0.999744435
-0.999744416
-0.999744397
-0.999744377
-0.999744358
-0.999744339
-0.999744320
-0.999744301
-0.999744282
-0.999744263
-0.999744244
-0.999744225
-0.999744207
-0.999744188
-0.999744170
-0.999744151
-0.999744133
-0.999744115
-0.999744097
-0.999744079
-0.999744061
-0.999744043
-0.999744025
-0.999744007
-0.999743989
-0.999743972
-0.999743954
-0.999743936
-0.999743919
-0.999743902
-0.999743884
-0.999743867
-0.999743850
-0.999743833
-0.999743816
-0.999743799
-0.999743782
-0.999743765
-0.999743748
-0.999743732
-0.999743715
-0.999743699
-0.999743682
-0.999743666
-0.999743649
-0.999743633
-0.999743617
-0.999743601
-0.999743585
-0.999743569
-0.999743553
-0.999743537
-0.999743521
-0.999743505
-0.999743489
-0.999743474
-0.999743458
-0.999743443
-0.999743427
-0.999743412
-0.999743396
-0.999743381
-0.999743366
-0.999743351
-0.999743336
-0.999743320
-0.999743305
-0.999743291
-0.999743276
-0.999743261
-0.999743246
-0.999743231
-0.999743217
-0.999743202
-0.999743188
-0.999743173
-0.999743159
-0.999743144
-0.999743130
-0.999743116
-0.999743102
-0.999743087
-0.999743073
-0.999743059
-0.999743045
-0.999743031
-0.999743017
-0.999743004
-0.999742990
-0.999742976
-0.999742962
-0.999742949
-0.999742935
-0.999742922
-0.999742908
-0.999742895
-0.999742881
-0.999742868
-0.999742855
-0.999742842
-0.999742828
-0.999742815
-0.999742802
-0.999742789
-0.999742776
-0.999742763
-0.999742750
-0.999742737
-0.999742725
-0.999742712
-0.999742699
-0.999742687
-0.999742674
-0.999742661
-0.999742649
-0.999742637
-0.999742624
-0.999742612
-0.999742599
-0.999742587
-0.999742575
-0.999742563
-0.999742551
-0.999742539
-0.999742526
-0.999742515
-0.999742503
-0.999742491
-0.999742479
-0.999742467
-0.999742455
-0.999742443
-0.999742432
-0.999742420
-0.999742409
-0.999742397
-0.999742386
-0.999742374
-0.999742363
-0.999742351
-0.999742340
-0.999742329
-0.999742317
-0.999742306
-0.999742295
-0.999742284
-0.999742273
-0.999742262
-0.999742251
-0.999742240
-0.999742229
-0.999742218
-0.999742207
-0.999742196
-0.999742186
-0.999742175
-0.999742164
-0.999742153
-0.999742143
-0.999742132
-0.999742122
-0.999742111
-0.999742101
-0.999742090
-0.999742080
-0.999742070
-0.999742059
-0.999742049
-0.999742039
-0.999742029
-0.999742018
-0.999742008
-0.999741998
-0.999741988
-0.999741978
-0.999741968
-0.999741958
-0.999741948
-0.999741938
-0.999741929
-0.999741919
-0.999741909
-0.999741899
-0.999741890
-0.999741880
-0.999741870
-0.999741861
-0.999741851
-0.999741842
-0.999741832
-0.999741823
-0.999741813
-0.999741804
-0.999741794
-0.999741785
-0.999741776
-0.999741767
-0.999741757
-0.999741748
-0.999741739
-0.999741730
-0.999741721
-0.999741712
-0.999741703
-0.999741694
-0.999741685
-0.999741676
-0.999741667
-0.999741658
-0.999741649
-0.999741640
-0.999741632
-0.999741623
-0.999741614
-0.999741606
-0.999741597
-0.999741588
-0.999741580
-0.999741571
-0.999741563
-0.999741554
-0.999741546
-0.999741537
-0.999741529
-0.999741521
-0.999741512
-0.999741504
-0.999741496
-0.999741487
-0.999741479
-0.999741471
-0.999741463
-0.999741455
-0.999741447
-0.999741439
-0.999741431
-0.999741423
-0.999741415
-0.999741407
-0.999741399
-0.999741391
-0.999741383
-0.999741375
-0.999741367
-0.999741360
-0.999741352
-0.999741344
-0.999741336
-0.999741329
-0.999741321
-0.999741313
-0.999741306
-0.999741298
-0.999741291
-0.999741283
-0.999741276
-0.999741268
-0.999741261
-0.999741253
-0.999741246
-0.999741239
-0.999741231
-0.999741224
-0.999741217
-0.999741209
-0.999741202
-0.999741195
-0.999741188
-0.999741181
-0.999741173
-0.999741166
-0.999741159
-0.999741152
-0.999741145
-0.999741138
-0.999741131
-0.999741124
-0.999741117
-0.999741110
-0.999741103
-0.999741096
-0.999741090
-0.999741083
-0.999741076
-0.999741069
-0.999741062
-0.999741056
-0.999741049
-0.999741042
