0.000015322900
0.000015177514
0.000015033806
0.000014891758
0.000014751357
0.000014612587
0.000014475433
0.000014339878
0.000014205908
0.000014073508
0.000013942661
0.000013813352
0.000013685560
0.000013559263
0.000013434441
0.000013311071
0.000013189131
0.000013068601
0.000012949458
0.000012831682
0.000012715250
0.000012600144
0.000012486362
0.000012373903
0.000012262767
0.000012152954
0.000012044465
0.000011937299
0.000011831457
0.000011726939
0.000011623745
0.000011521867
0.000011421269
0.000011321906
0.000011223736
0.000011126712
0.000011030793
0.000010935933
0.000010842088
0.000010749214
0.000010657268
0.000010566213
0.000010476048
0.000010386779
0.000010298412
0.000010210953
0.000010124409
0.000010038787
0.000009954092
0.000009870332
0.000009787512
0.000009705638
0.000009624718
0.000009544757
0.000009465762
0.000009387739
0.000009310695
0.000009234636
0.000009159568
0.000009085497
0.000009012431
0.000008940371
0.000008869301
0.000008799202
0.000008730053
0.000008661834
0.000008594527
0.000008528110
0.000008462563
0.000008397868
0.000008334003
0.000008270949
0.000008208686
0.000008147193
0.000008086452
0.000008026442
0.000007967143
0.000007908535
0.000007850598
0.000007793312
0.000007736657
0.000007680616
0.000007625181
0.000007570347
0.000007516107
0.000007462457
0.000007409392
0.000007356905
0.000007304991
0.000007253646
0.000007202863
0.000007152637
0.000007102963
0.000007053835
0.000007005248
0.000006957197
0.000006909676
0.000006862679
0.000006816202
0.000006770239
0.000006724784
0.000006679832
0.000006635377
0.000006591415
0.000006547940
0.000006504946
0.000006462428
0.000006420381
0.000006378798
0.000006337676
0.000006297008
0.000006256788
0.000006217013
0.000006177675
0.000006138770
0.000006100292
0.000006062236
0.000006024597
0.000005987369
0.000005950546
0.000005914123
0.000005878096
0.000005842458
0.000005807207
0.000005772336
0.000005737842
0.000005703721
0.000005669967
0.000005636576
0.000005603544
0.000005570866
0.000005538538
0.000005506555
0.000005474912
0.000005443605
0.000005412630
0.000005381981
0.000005351655
0.000005321647
0.000005291953
0.000005262567
0.000005233486
0.000005204706
0.000005176223
0.000005148033
0.000005120134
0.000005092521
0.000005065191
0.000005038141
0.000005011366
0.000004984864
0.000004958630
0.000004932662
0.000004906955
0.000004881506
0.000004856312
0.000004831368
0.000004806672
0.000004782220
0.000004758008
0.000004734032
0.000004710290
0.000004686779
0.000004663498
0.000004640445
0.000004617618
0.000004595016
0.000004572636
0.000004550477
0.000004528537
0.000004506815
0.000004485309
0.000004464017
0.000004442937
0.000004422068
0.000004401408
0.000004380955
0.000004360707
0.000004340664
0.000004320822
0.000004301180
0.000004281737
0.000004262490
0.000004243434
0.000004224567
0.000004205887
0.000004187388
0.000004169069
0.000004150926
0.000004132957
0.000004115156
0.000004097523
0.000004080053
0.000004062742
0.000004045589
0.000004028590
0.000004011741
0.000003995039
0.000003978482
0.000003962065
0.000003945786
0.000003929643
0.000003913634
0.000003897762
0.000003882027
0.000003866430
0.000003850972
0.000003835654
0.000003820476
0.000003805440
0.000003790546
0.000003775795
0.000003761188
0.000003746726
0.000003732410
0.000003718241
0.000003704219
0.000003690346
0.000003676622
0.000003663048
0.000003649625
0.000003636352
0.000003623220
0.000003610220
0.000003597342
0.000003584574
0.000003571908
0.000003559332
0.000003546837
0.000003534412
0.000003522047
0.000003509736
0.000003497490
0.000003485323
0.000003473249
0.000003461283
0.000003449440
0.000003437734
0.000003426179
0.000003414790
0.000003403582
0.000003392564
0.000003381719
0.000003371029
0.000003360473
0.000003350029
0.000003339678
0.000003329398
0.000003319171
0.000003308973
0.000003298787
0.000003288595
0.000003278407
0.000003268234
0.000003258089
0.000003247986
0.000003237938
0.000003227957
0.000003218056
0.000003208249
0.000003198547
0.000003188962
0.000003179494
0.000003170138
0.000003160892
0.000003151753
0.000003142717
0.000003133783
0.000003124946
0.000003116204
0.000003107553
0.000003098991
0.000003090514
0.000003082119
0.000003073804
0.000003065565
0.000003057399
0.000003049304
0.000003041275
0.000003033310
0.000003025407
0.000003017561
0.000003009774
0.000003002044
0.000002994373
0.000002986760
0.000002979205
0.000002971709
0.000002964271
0.000002956891
0.000002949570
0.000002942308
0.000002935105
0.000002927960
0.000002920875
0.000002913848
0.000002906881
0.000002899973
0.000002893124
0.000002886334
0.000002879604
0.000002872933
0.000002866321
0.000002859768
0.000002853271
0.000002846832
0.000002840448
0.000002834120
0.000002827847
0.000002821628
0.000002815462
0.000002809349
0.000002803287
0.000002797277
0.000002791317
0.000002785408
0.000002779547
0.000002773735
0.000002767971
0.000002762254
0.000002756583
0.000002750958
0.000002745378
0.000002739844
0.000002734355
0.000002728911
0.000002723512
0.000002718158
0.000002712847
0.000002707581
0.000002702359
0.000002697181
0.000002692046
0.000002686955
0.000002681907
0.000002676903
0.000002671941
0.000002667021
0.000002662144
0.000002657310
0.000002652517
0.000002647767
0.000002643058
0.000002638391
0.000002633765
0.000002629180
0.000002624636
0.000002620133
0.000002615671
0.000002611249
0.000002606867
0.000002602525
0.000002598223
0.000002593960
0.000002589737
0.000002585554
0.000002581409
0.000002577303
0.000002573236
0.000002569207
0.000002565217
0.000002561264
0.000002557350
0.000002553473
0.000002549633
0.000002545829
0.000002542062
0.000002538331
0.000002534635
0.000002530975
0.000002527350
0.000002523759
0.000002520203
0.000002516680
0.000002513191
0.000002509735
0.000002506312
0.000002502921
0.000002499563
0.000002496236
0.000002492940
0.000002489676
0.000002486442
0.000002483239
0.000002480066
0.000002476922
0.000002473808
0.000002470722
0.000002467665
0.000002464637
0.000002461636
0.000002458662
0.000002455716
0.000002452797
0.000002449904
0.000002447037
0.000002444196
0.000002441381
0.000002438590
0.000002435825
0.000002433083
0.000002430366
0.000002427672
0.000002425002
0.000002422356
0.000002419734
0.000002417134
0.000002414559
0.000002412006
0.000002409477
0.000002406970
0.000002404487
0.000002402026
0.000002399589
0.000002397173
0.000002394780
0.000002392410
0.000002390062
0.000002387736
0.000002385432
0.000002383150
0.000002380890
0.000002378652
0.000002376435
0.000002374240
0.000002372066
0.000002369913
0.000002367782
0.000002365672
0.000002363583
0.000002361514
0.000002359467
0.000002357440
0.000002355434
0.000002353448
0.000002351482
0.000002349537
0.000002347612
0.000002345707
0.000002343822
0.000002341956
0.000002340111
0.000002338285
0.000002336478
0.000002334691
0.000002332924
0.000002331175
0.000002329446
0.000002327737
0.000002326046
0.000002324374
0.000002322722
0.000002321088
0.000002319473
0.000002317877
0.000002316300
0.000002314741
0.000002313201
0.000002311679
0.000002310175
0.000002308690
0.000002307223
0.000002305775
0.000002304344
0.000002302932
0.000002301537
0.000002300160
0.000002298801
0.000002297460
0.000002296137
0.000002294831
0.000002293543
0.000002292272
0.000002291018
0.000002289782
0.000002288563
0.000002287361
0.000002286176
0.000002285009
0.000002283858
0.000002282724
0.000002281607
0.000002280506
0.000002279423
0.000002278356
0.000002277306
0.000002276272
0.000002275255
0.000002274255
0.000002273271
0.000002272304
0.000002271353
0.000002270419
0.000002269501
0.000002268599
0.000002267714
0.000002266846
0.000002265993
0.000002265157
0.000002264338
0.000002263534
0.000002262747
0.000002261976
0.000002261221
0.000002260482
0.000002259759
0.000002259052
0.000002258362
0.000002257687
0.000002257028
0.000002256386
0.000002255759
0.000002255148
0.000002254553
0.000002253974
0.000002253410
0.000002252863
0.000002252331
0.000002251815
0.000002251314
0.000002250830
0.000002250360
0.000002249907
0.000002249468
0.000002249044
0.000002248635
0.000002248241
0.000002247860
0.000002247494
0.000002247141
0.000002246802
0.000002246476
0.000002246163
0.000002245863
0.000002245575
0.000002245300
0.000002245037
0.000002244785
0.000002244545
0.000002244317
0.000002244099
0.000002243893
0.000002243697
0.000002243511
0.000002243336
0.000002243171
0.000002243015
0.000002242868
0.000002242731
0.000002242603
0.000002242484
0.000002242373
0.000002242270
0.000002242175
0.000002242088
0.000002242009
0.000002241937
0.000002241872
0.000002241814
0.000002241762
0.000002241717
0.000002241678
0.000002241645
0.000002241618
0.000002241598
0.000002241585
0.000002241578
0.000002241579
0.000002241586
0.000002241600
0.000002241622
0.000002241651
0.000002241687
0.000002241731
0.000002241783
0.000002241843
0.000002241911
0.000002241987
0.000002242071
0.000002242164
0.000002242265
0.000002242374
0.000002242493
0.000002242620
0.000002242757
0.000002242903
0.000002243058
0.000002243222
0.000002243396
0.000002243579
0.000002243773
0.000002243976
0.000002244189
0.000002244413
0.000002244647
0.000002244891
0.000002245146
0.000002245411
0.000002245688
0.000002245975
0.000002246273
0.000002246583
0.000002246903
0.000002247234
0.000002247576
0.000002247927
0.000002248289
0.000002248660
0.000002249040
0.000002249429
0.000002249827
0.000002250234
0.000002250648
0.000002251071
0.000002251502
0.000002251939
0.000002252384
0.000002252836
0.000002253294
0.000002253759
0.000002254230
0.000002254706
0.000002255188
0.000002255676
0.000002256168
0.000002256665
0.000002257166
0.000002257672
0.000002258181
0.000002258694
0.000002259211
0.000002259730
0.000002260252
0.000002260777
0.000002261304
0.000002261833
0.000002262364
0.000002262896
0.000002263429
0.000002263964
0.000002264499
0.000002265034
0.000002265570
0.000002266106
0.000002266643
0.000002267181
0.000002267720
0.000002268259
0.000002268800
0.000002269342
0.000002269885
0.000002270430
0.000002270976
0.000002271523
0.000002272073
0.000002272624
0.000002273177
0.000002273732
0.000002274289
0.000002274848
0.000002275410
0.000002275974
0.000002276540
0.000002277109
0.000002277681
0.000002278256
0.000002278833
0.000002279414
0.000002279997
0.000002280584
0.000002281174
0.000002281768
0.000002282365
0.000002282966
0.000002283570
0.000002284178
0.000002284790
0.000002285407
0.000002286027
0.000002286651
0.000002287280
0.000002287914
0.000002288551
0.000002289193
0.000002289839
0.000002290488
0.000002291142
0.000002291799
0.000002292459
0.000002293123
0.000002293790
0.000002294460
0.000002295133
0.000002295809
0.000002296487
0.000002297168
0.000002297852
0.000002298537
0.000002299225
0.000002299915
0.000002300607
0.000002301300
0.000002301995
0.000002302691
0.000002303389
0.000002304088
0.000002304788
0.000002305488
0.000002306190
0.000002306892
0.000002307595
0.000002308298
0.000002309001
0.000002309704
0.000002310408
0.000002311111
0.000002311813
0.000002312516
0.000002313217
0.000002313918
0.000002314618
0.000002315317
0.000002316016
0.000002316713
0.000002317409
0.000002318104
0.000002318798
0.000002319492
0.000002320184
0.000002320876
0.000002321567
0.000002322256
0.000002322945
0.000002323634
0.000002324321
0.000002325008
0.000002325693
0.000002326378
0.000002327063
0.000002327746
0.000002328429
0.000002329111
0.000002329793
0.000002330473
0.000002331153
0.000002331833
0.000002332512
0.000002333190
0.000002333867
0.000002334544
0.000002335221
0.000002335897
0.000002336572
0.000002337247
0.000002337921
0.000002338595
0.000002339268
0.000002339941
0.000002340613
0.000002341285
0.000002341956
0.000002342627
0.000002343298
0.000002343969
0.000002344639
0.000002345309
0.000002345979
0.000002346649
0.000002347320
0.000002347990
0.000002348661
0.000002349332
0.000002350004
0.000002350676
0.000002351348
0.000002352022
0.000002352696
0.000002353371
0.000002354046
0.000002354723
0.000002355401
0.000002356080
0.000002356760
0.000002357441
0.000002358124
0.000002358808
0.000002359494
0.000002360181
0.000002360870
0.000002361561
0.000002362253
0.000002362948
0.000002363644
0.000002364342
0.000002365043
0.000002365745
0.000002366450
0.000002367158
0.000002367867
0.000002368580
0.000002369294
0.000002370012
0.000002370731
0.000002371453
0.000002372177
0.000002372901
0.000002373627
0.000002374354
0.000002375081
0.000002375808
0.000002376535
0.000002377261
0.000002377986
0.000002378711
0.000002379433
0.000002380154
0.000002380873
0.000002381589
0.000002382302
0.000002383012
0.000002383719
0.000002384422
0.000002385121
0.000002385815
0.000002386505
0.000002387190
0.000002387869
0.000002388542
0.000002389210
0.000002389871
0.000002390526
0.000002391173
0.000002391813
0.000002392446
0.000002393070
0.000002393687
0.000002394294
0.000002394893
0.000002395482
0.000002396062
0.000002396632
0.000002397192
0.000002397742
0.000002398283
0.000002398814
0.000002399337
0.000002399851
0.000002400357
0.000002400856
0.000002401347
0.000002401831
0.000002402308
0.000002402779
0.000002403244
0.000002403704
0.000002404158
0.000002404607
0.000002405052
0.000002405493
0.000002405930
0.000002406363
0.000002406794
0.000002407222
0.000002407647
0.000002408070
0.000002408492
0.000002408912
0.000002409331
0.000002409750
0.000002410169
0.000002410587
0.000002411006
0.000002411426
0.000002411847
0.000002412270
0.000002412694
0.000002413121
0.000002413550
0.000002413983
0.000002414418
0.000002414858
0.000002415301
0.000002415748
0.000002416199
0.000002416652
0.000002417109
0.000002417569
0.000002418031
0.000002418496
0.000002418962
0.000002419431
0.000002419900
0.000002420372
0.000002420844
0.000002421317
0.000002421790
0.000002422264
0.000002422738
0.000002423212
0.000002423685
0.000002424158
0.000002424630
0.000002425100
0.000002425569
0.000002426037
0.000002426502
0.000002426965
0.000002427426
0.000002427884
0.000002428340
0.000002428792
0.000002429240
0.000002429685
0.000002430126
0.000002430563
0.000002430996
0.000002431423
0.000002431846
0.000002432264
0.000002432676
0.000002433083
0.000002433484
0.000002433879
0.000002434269
0.000002434653
0.000002435032
0.000002435407
0.000002435777
0.000002436142
0.000002436503
0.000002436860
0.000002437214
0.000002437563
0.000002437910
0.000002438253
0.000002438593
0.000002438930
0.000002439265
0.000002439598
0.000002439929
0.000002440257
0.000002440584
0.000002440909
0.000002441233
0.000002441557
0.000002441879
0.000002442200
0.000002442521
0.000002442842
0.000002443163
0.000002443484
0.000002443806
0.000002444128
0.000002444451
0.000002444775
0.000002445100
0.000002445427
0.000002445755
0.000002446085
0.000002446417
0.000002446752
0.000002447089
0.000002447428
0.000002447770
0.000002448114
0.000002448459
0.000002448806
0.000002449155
0.000002449505
0.000002449856
0.000002450208
0.000002450561
0.000002450915
0.000002451269
0.000002451624
0.000002451978
0.000002452333
0.000002452688
0.000002453042
0.000002453396
0.000002453749
0.000002454102
0.000002454453
0.000002454803
0.000002455152
0.000002455500
0.000002455845
0.000002456189
0.000002456531
0.000002456871
0.000002457209
0.000002457544
0.000002457876
0.000002458206
0.000002458533
0.000002458856
0.000002459177
0.000002459493
0.000002459806
0.000002460116
0.000002460421
0.000002460722
0.000002461019
0.000002461312
0.000002461601
0.000002461886
0.000002462167
0.000002462444
0.000002462717
0.000002462986
0.000002463252
0.000002463513
0.000002463770
0.000002464024
0.000002464274
0.000002464520
0.000002464763
0.000002465001
0.000002465236
0.000002465468
0.000002465696
0.000002465920
0.000002466140
0.000002466358
0.000002466571
0.000002466781
0.000002466988
0.000002467191
0.000002467391
0.000002467587
0.000002467781
0.000002467970
0.000002468157
0.000002468340
0.000002468520
0.000002468697
0.000002468870
0.000002469041
0.000002469208
0.000002469373
0.000002469534
0.000002469692
0.000002469847
0.000002469999
0.000002470149
0.000002470295
0.000002470439
0.000002470580
0.000002470718
0.000002470854
0.000002470987
0.000002471118
0.000002471247
0.000002471373
0.000002471496
0.000002471618
0.000002471737
0.000002471854
0.000002471969
0.000002472082
0.000002472193
0.000002472303
0.000002472410
0.000002472516
0.000002472619
0.000002472721
0.000002472822
0.000002472921
0.000002473018
0.000002473114
0.000002473209
0.000002473302
0.000002473394
0.000002473485
0.000002473574
0.000002473663
0.000002473750
0.000002473836
0.000002473922
0.000002474006
0.000002474090
0.000002474173
0.000002474255
0.000002474337
0.000002474419
0.000002474501
0.000002474582
0.000002474664
0.000002474747
0.000002474830
0.000002474913
0.000002474998
0.000002475084
0.000002475171
0.000002475260
0.000002475350
0.000002475442
0.000002475536
0.000002475633
0.000002475731
0.000002475832
0.000002475936
0.000002476043
0.000002476152
0.000002476265
0.000002476381
0.000002476501
0.000002476625
0.000002476752
0.000002476883
0.000002477019
0.000002477159
0.000002477304
0.000002477453
0.000002477607
0.000002477767
0.000002477931
0.000002478102
0.000002478277
0.000002478459
0.000002478646
0.000002478840
0.000002479039
0.000002479244
0.000002479454
0.000002479669
0.000002479888
0.000002480112
0.000002480339
0.000002480571
0.000002480805
0.000002481042
0.000002481282
0.000002481524
0.000002481768
0.000002482014
0.000002482261
0.000002482509
0.000002482758
0.000002483007
0.000002483257
0.000002483505
0.000002483754
0.000002484001
0.000002484248
0.000002484492
0.000002484735
0.000002484976
0.000002485214
0.000002485449
0.000002485681
0.000002485910
0.000002486135
0.000002486356
0.000002486572
0.000002486784
0.000002486990
0.000002487191
0.000002487387
0.000002487576
0.000002487759
0.000002487936
0.000002488106
0.000002488269
0.000002488427
0.000002488580
0.000002488727
0.000002488868
0.000002489005
0.000002489138
0.000002489265
0.000002489389
0.000002489509
0.000002489625
0.000002489738
0.000002489848
0.000002489954
0.000002490059
0.000002490160
0.000002490260
0.000002490358
0.000002490454
0.000002490549
0.000002490643
0.000002490736
0.000002490828
0.000002490920
0.000002491012
0.000002491104
0.000002491197
0.000002491290
0.000002491384
0.000002491480
0.000002491576
0.000002491675
0.000002491775
0.000002491878
0.000002491983
0.000002492091
0.000002492201
0.000002492315
0.000002492433
0.000002492553
0.000002492677
0.000002492803
0.000002492931
0.000002493062
0.000002493194
0.000002493328
0.000002493464
0.000002493600
0.000002493738
0.000002493875
0.000002494014
0.000002494152
0.000002494289
0.000002494427
0.000002494563
0.000002494699
0.000002494833
0.000002494965
0.000002495096
0.000002495225
0.000002495351
0.000002495474
0.000002495595
0.000002495712
0.000002495826
0.000002495936
0.000002496043
0.000002496145
0.000002496242
0.000002496335
0.000002496422
0.000002496505
0.000002496581
0.000002496652
0.000002496717
0.000002496775
0.000002496827
0.000002496872
0.000002496909
0.000002496940
0.000002496965
0.000002496983
0.000002496996
0.000002497004
0.000002497006
0.000002497005
0.000002496999
0.000002496989
0.000002496976
0.000002496960
0.000002496942
0.000002496921
0.000002496898
0.000002496875
0.000002496850
0.000002496824
0.000002496798
0.000002496772
0.000002496747
0.000002496723
0.000002496699
0.000002496678
0.000002496659
0.000002496641
0.000002496627
0.000002496616
0.000002496609
0.000002496605
0.000002496606
0.000002496612
0.000002496622
0.000002496638
0.000002496660
0.000002496688
0.000002496723
0.000002496765
0.000002496815
0.000002496872
0.000002496937
0.000002497010
0.000002497090
0.000002497177
0.000002497271
0.000002497371
0.000002497476
0.000002497587
0.000002497703
0.000002497823
0.000002497947
0.000002498074
0.000002498205
0.000002498339
0.000002498475
0.000002498613
0.000002498752
0.000002498893
0.000002499034
0.000002499176
0.000002499317
0.000002499458
0.000002499598
0.000002499737
0.000002499874
0.000002500008
0.000002500140
0.000002500269
0.000002500394
0.000002500516
0.000002500633
0.000002500746
0.000002500854
0.000002500956
0.000002501052
0.000002501141
0.000002501224
0.000002501300
0.000002501368
0.000002501428
0.000002501480
0.000002501524
0.000002501560
0.000002501589
0.000002501611
0.000002501627
0.000002501637
0.000002501642
0.000002501641
0.000002501636
0.000002501627
0.000002501614
0.000002501597
0.000002501578
0.000002501556
0.000002501532
0.000002501506
0.000002501479
0.000002501452
0.000002501424
0.000002501395
0.000002501368
0.000002501341
0.000002501316
0.000002501292
0.000002501270
0.000002501251
0.000002501235
0.000002501222
0.000002501213
0.000002501209
0.000002501209
0.000002501214
0.000002501224
0.000002501241
0.000002501264
0.000002501294
0.000002501331
0.000002501375
0.000002501428
0.000002501489
0.000002501558
0.000002501635
0.000002501719
0.000002501809
0.000002501906
0.000002502009
0.000002502118
0.000002502232
0.000002502350
0.000002502473
0.000002502599
0.000002502729
0.000002502862
0.000002502997
0.000002503135
0.000002503274
0.000002503415
0.000002503556
0.000002503698
0.000002503840
0.000002503982
0.000002504122
0.000002504262
0.000002504400
0.000002504536
0.000002504669
0.000002504800
0.000002504927
0.000002505050
0.000002505169
0.000002505284
0.000002505393
0.000002505498
0.000002505596
0.000002505688
0.000002505773
0.000002505851
0.000002505922
0.000002505984
0.000002506039
0.000002506085
0.000002506124
0.000002506155
0.000002506180
0.000002506199
0.000002506211
0.000002506218
0.000002506220
0.000002506218
0.000002506211
0.000002506200
0.000002506185
0.000002506168
0.000002506148
0.000002506125
0.000002506101
0.000002506075
0.000002506049
0.000002506022
0.000002505994
0.000002505967
0.000002505940
0.000002505915
0.000002505891
0.000002505869
0.000002505849
0.000002505832
0.000002505818
0.000002505807
0.000002505800
0.000002505798
0.000002505800
0.000002505808
0.000002505821
0.000002505840
0.000002505866
0.000002505898
0.000002505937
0.000002505984
0.000002506039
0.000002506102
0.000002506172
0.000002506249
0.000002506332
0.000002506422
0.000002506517
0.000002506618
0.000002506724
0.000002506835
0.000002506950
0.000002507069
0.000002507192
0.000002507318
0.000002507447
0.000002507578
0.000002507712
0.000002507847
0.000002507984
0.000002508122
0.000002508261
0.000002508399
0.000002508538
0.000002508677
0.000002508815
0.000002508951
0.000002509086
0.000002509220
0.000002509351
0.000002509479
0.000002509605
0.000002509727
0.000002509845
0.000002509960
0.000002510070
0.000002510175
0.000002510275
0.000002510370
0.000002510458
0.000002510541
0.000002510617
0.000002510686
0.000002510749
0.000002510807
0.000002510858
0.000002510904
0.000002510944
0.000002510979
0.000002511009
0.000002511035
0.000002511055
0.000002511071
0.000002511083
0.000002511091
0.000002511096
0.000002511096
0.000002511093
0.000002511087
0.000002511078
0.000002511066
0.000002511051
0.000002511034
0.000002511015
0.000002510994
0.000002510971
0.000002510946
0.000002510920
0.000002510893
0.000002510864
0.000002510835
0.000002510805
0.000002510775
0.000002510744
0.000002510714
0.000002510683
0.000002510653
0.000002510624
0.000002510595
0.000002510567
0.000002510541
0.000002510515
0.000002510492
0.000002510469
0.000002510448
0.000002510428
0.000002510410
0.000002510393
0.000002510377
0.000002510362
0.000002510349
0.000002510337
0.000002510327
0.000002510317
0.000002510309
0.000002510303
0.000002510297
0.000002510293
0.000002510291
0.000002510289
0.000002510289
0.000002510290
0.000002510292
0.000002510295
0.000002510300
0.000002510306
0.000002510313
0.000002510322
0.000002510331
0.000002510342
0.000002510354
0.000002510368
0.000002510382
0.000002510398
0.000002510415
0.000002510433
0.000002510452
0.000002510472
0.000002510494
0.000002510517
0.000002510541
0.000002510566
0.000002510592
0.000002510619
0.000002510648
0.000002510677
0.000002510708
0.000002510739
0.000002510772
0.000002510805
0.000002510840
0.000002510875
0.000002510911
0.000002510949
0.000002510987
0.000002511026
0.000002511065
0.000002511106
0.000002511147
0.000002511189
0.000002511232
0.000002511276
0.000002511320
0.000002511365
0.000002511410
0.000002511456
0.000002511503
0.000002511550
0.000002511598
0.000002511647
0.000002511696
0.000002511745
0.000002511795
0.000002511846
0.000002511896
0.000002511948
0.000002511999
0.000002512051
0.000002512103
0.000002512156
0.000002512209
0.000002512262
0.000002512316
0.000002512369
0.000002512423
0.000002512477
0.000002512532
0.000002512586
0.000002512640
0.000002512695
0.000002512750
0.000002512804
0.000002512859
0.000002512914
0.000002512969
0.000002513024
0.000002513078
0.000002513133
0.000002513187
0.000002513242
0.000002513296
0.000002513350
0.000002513404
0.000002513458
0.000002513511
0.000002513564
0.000002513617
0.000002513670
0.000002513722
0.000002513774
0.000002513826
0.000002513877
0.000002513928
0.000002513978
0.000002514028
0.000002514078
0.000002514127
0.000002514175
0.000002514223
0.000002514270
0.000002514317
0.000002514363
0.000002514409
0.000002514454
0.000002514498
0.000002514542
0.000002514585
0.000002514627
0.000002514668
0.000002514709
0.000002514748
0.000002514787
0.000002514825
0.000002514863
0.000002514899
0.000002514934
0.000002514969
0.000002515002
0.000002515035
0.000002515067
0.000002515097
0.000002515127
0.000002515155
0.000002515182
0.000002515209
0.000002515234
0.000002515259
0.000002515282
0.000002515305
0.000002515327
0.000002515347
0.000002515367
0.000002515386
0.000002515404
0.000002515421
0.000002515438
0.000002515453
0.000002515468
0.000002515481
0.000002515494
0.000002515507
0.000002515518
0.000002515529
0.000002515539
0.000002515548
0.000002515556
0.000002515564
0.000002515571
0.000002515577
0.000002515583
0.000002515588
0.000002515593
0.000002515596
0.000002515599
0.000002515602
0.000002515604
0.000002515605
0.000002515606
0.000002515606
0.000002515606
0.000002515605
0.000002515604
0.000002515602
0.000002515600
0.000002515597
0.000002515594
0.000002515590
0.000002515586
0.000002515581
0.000002515576
0.000002515571
0.000002515565
0.000002515559
0.000002515553
0.000002515546
0.000002515539
0.000002515532
0.000002515524
0.000002515516
0.000002515508
0.000002515499
0.000002515490
0.000002515481
0.000002515472
0.000002515463
0.000002515453
0.000002515443
0.000002515433
0.000002515423
0.000002515413
0.000002515402
0.000002515392
0.000002515381
0.000002515370
0.000002515360
0.000002515349
0.000002515338
0.000002515327
0.000002515316
0.000002515305
0.000002515294
0.000002515283
0.000002515272
0.000002515262
0.000002515251
0.000002515240
0.000002515229
0.000002515219
0.000002515208
0.000002515198
0.000002515188
0.000002515178
0.000002515168
0.000002515159
0.000002515149
0.000002515140
0.000002515131
0.000002515122
0.000002515113
0.000002515105
0.000002515097
0.000002515089
0.000002515082
0.000002515075
0.000002515068
0.000002515061
0.000002515055
0.000002515049
0.000002515043
0.000002515037
0.000002515032
0.000002515027
0.000002515022
0.000002515017
0.000002515013
0.000002515008
0.000002515005
0.000002515001
0.000002514997
0.000002514994
0.000002514991
0.000002514988
0.000002514985
0.000002514983
0.000002514981
0.000002514979
0.000002514977
0.000002514975
0.000002514974
0.000002514972
0.000002514971
0.000002514970
0.000002514969
0.000002514969
0.000002514968
0.000002514968
0.000002514968
0.000002514968
0.000002514968
0.000002514968
0.000002514968
0.000002514969
0.000002514969
0.000002514970
0.000002514971
0.000002514972
0.000002514973
0.000002514974
0.000002514976
0.000002514977
0.000002514979
0.000002514980
0.000002514982
0.000002514984
0.000002514986
0.000002514988
0.000002514990
0.000002514992
0.000002514994
0.000002514996
0.000002514999
0.000002515001
0.000002515003
0.000002515006
0.000002515008
0.000002515011
0.000002515014
0.000002515016
0.000002515019
0.000002515022
0.000002515024
0.000002515027
0.000002515030
0.000002515033
0.000002515035
0.000002515038
0.000002515041
0.000002515044
0.000002515046
0.000002515049
0.000002515052
0.000002515054
0.000002515057
0.000002515060
0.000002515062
0.000002515065
0.000002515068
0.000002515070
0.000002515073
0.000002515075
0.000002515077
0.000002515080
0.000002515082
0.000002515084
0.000002515086
0.000002515088
0.000002515090
0.000002515092
0.000002515094
0.000002515095
0.000002515097
0.000002515099
0.000002515100
0.000002515101
0.000002515103
0.000002515104
0.000002515105
0.000002515106
0.000002515107
0.000002515108
0.000002515108
0.000002515109
0.000002515110
0.000002515110
0.000002515111
0.000002515111
0.000002515111
0.000002515111
0.000002515112
0.000002515112
0.000002515112
0.000002515112
0.000002515112
0.000002515112
0.000002515112
0.000002515111
0.000002515111
0.000002515111
0.000002515111
0.000002515110
0.000002515110
0.000002515109
0.000002515109
0.000002515108
0.000002515108
0.000002515107
0.000002515107
0.000002515106
0.000002515105
0.000002515105
0.000002515104
0.000002515103
0.000002515102
0.000002515102
0.000002515101
0.000002515100
0.000002515099
0.000002515099
0.000002515098
0.000002515097
0.000002515096
0.000002515095
0.000002515095
0.000002515094
0.000002515093
0.000002515092
0.000002515091
0.000002515091
0.000002515090
0.000002515089
0.000002515089
0.000002515088
0.000002515087
0.000002515087
0.000002515086
0.000002515085
0.000002515085
0.000002515084
0.000002515084
0.000002515083
0.000002515083
0.000002515083
0.000002515082
0.000002515082
0.000002515082
0.000002515081
0.000002515081
0.000002515081
0.000002515081
0.000002515081
0.000002515081
0.000002515081
0.000002515081
0.000002515082
0.000002515082
0.000002515082
0.000002515083
0.000002515083
0.000002515084
0.000002515085
0.000002515085
0.000002515086
0.000002515087
0.000002515088
0.000002515089
0.000002515090
0.000002515091
0.000002515093
0.000002515094
0.000002515095
0.000002515097
0.000002515099
0.000002515101
0.000002515102
0.000002515104
0.000002515106
0.000002515109
0.000002515111
0.000002515113
0.000002515115
0.000002515118
0.000002515121
0.000002515123
0.000002515126
0.000002515129
0.000002515132
0.000002515134
0.000002515137
0.000002515140
0.000002515144
0.000002515147
0.000002515150
0.000002515153
0.000002515157
0.000002515160
0.000002515164
0.000002515167
0.000002515171
0.000002515175
0.000002515178
0.000002515182
0.000002515186
0.000002515190
0.000002515193
0.000002515197
0.000002515201
0.000002515205
0.000002515209
0.000002515213
0.000002515218
0.000002515222
0.000002515226
0.000002515230
0.000002515234
0.000002515239
0.000002515243
0.000002515247
0.000002515251
0.000002515256
0.000002515260
0.000002515264
0.000002515269
0.000002515273
0.000002515277
0.000002515282
0.000002515286
0.000002515291
0.000002515295
0.000002515299
0.000002515304
0.000002515308
0.000002515313
0.000002515317
0.000002515321
0.000002515326
0.000002515330
0.000002515334
0.000002515339
0.000002515343
0.000002515347
0.000002515351
0.000002515356
0.000002515360
0.000002515364
0.000002515368
0.000002515372
0.000002515376
0.000002515381
0.000002515385
0.000002515389
0.000002515393
0.000002515396
0.000002515400
0.000002515404
0.000002515408
0.000002515412
0.000002515415
0.000002515419
0.000002515423
0.000002515426
0.000002515430
0.000002515433
0.000002515437
0.000002515440
0.000002515443
0.000002515446
0.000002515450
0.000002515453
0.000002515456
0.000002515459
0.000002515461
0.000002515464
0.000002515467
0.000002515470
0.000002515472
0.000002515475
0.000002515477
0.000002515479
0.000002515482
0.000002515484
0.000002515486
0.000002515488
0.000002515490
0.000002515491
0.000002515493
0.000002515495
0.000002515496
0.000002515498
0.000002515499
0.000002515500
0.000002515501
0.000002515502
0.000002515503
0.000002515504
0.000002515504
0.000002515505
0.000002515505
0.000002515506
0.000002515506
0.000002515506
0.000002515506
0.000002515506
0.000002515505
0.000002515505
0.000002515504
0.000002515504
0.000002515503
0.000002515502
0.000002515501
0.000002515499
0.000002515498
0.000002515497
0.000002515495
0.000002515493
0.000002515491
0.000002515489
0.000002515487
0.000002515484
0.000002515482
0.000002515479
0.000002515476
0.000002515473
0.000002515470
0.000002515467
0.000002515463
0.000002515460
0.000002515456
0.000002515452
0.000002515448
0.000002515443
0.000002515439
0.000002515434
0.000002515429
0.000002515424
0.000002515419
0.000002515414
0.000002515408
0.000002515402
0.000002515396
0.000002515390
0.000002515384
0.000002515377
0.000002515371
0.000002515364
0.000002515356
0.000002515349
0.000002515342
0.000002515334
0.000002515326
0.000002515318
0.000002515310
0.000002515301
0.000002515292
0.000002515283
0.000002515274
0.000002515265
0.000002515255
0.000002515245
0.000002515235
0.000002515225
0.000002515215
0.000002515204
0.000002515193
0.000002515182
0.000002515170
0.000002515159
0.000002515147
0.000002515135
0.000002515122
0.000002515110
0.000002515097
0.000002515084
0.000002515071
0.000002515057
0.000002515043
0.000002515029
0.000002515015
0.000002515000
0.000002514986
0.000002514971
0.000002514955
0.000002514940
0.000002514924
0.000002514908
0.000002514892
0.000002514875
0.000002514858
0.000002514841
0.000002514824
0.000002514806
0.000002514788
0.000002514770
0.000002514752
0.000002514733
0.000002514714
0.000002514695
0.000002514675
0.000002514655
0.000002514635
0.000002514615
0.000002514594
0.000002514573
0.000002514552
0.000002514531
0.000002514509
0.000002514487
0.000002514464
0.000002514442
0.000002514419
0.000002514396
0.000002514372
0.000002514348
0.000002514324
0.000002514300
0.000002514275
0.000002514250
0.000002514225
0.000002514199
0.000002514174
0.000002514147
0.000002514121
0.000002514094
0.000002514067
0.000002514040
0.000002514012
0.000002513984
0.000002513956
0.000002513927
0.000002513898
0.000002513869
0.000002513839
0.000002513809
0.000002513779
0.000002513748
0.000002513718
0.000002513686
0.000002513655
0.000002513623
0.000002513591
0.000002513558
0.000002513526
0.000002513492
0.000002513459
0.000002513425
0.000002513391
0.000002513356
0.000002513322
0.000002513286
0.000002513251
0.000002513215
0.000002513179
0.000002513142
0.000002513106
0.000002513068
0.000002513031
0.000002512993
0.000002512955
0.000002512916
0.000002512877
0.000002512838
0.000002512798
0.000002512758
0.000002512718
0.000002512677
0.000002512636
0.000002512594
0.000002512552
0.000002512510
0.000002512468
0.000002512425
0.000002512382
0.000002512338
0.000002512294
0.000002512249
0.000002512205
0.000002512160
0.000002512114
0.000002512068
0.000002512022
0.000002511975
0.000002511928
0.000002511881
0.000002511833
0.000002511785
0.000002511736
0.000002511687
0.000002511638
0.000002511588
0.000002511538
0.000002511488
0.000002511437
0.000002511386
0.000002511334
0.000002511282
0.000002511229
0.000002511177
0.000002511123
0.000002511070
0.000002511016
0.000002510961
0.000002510906
0.000002510851
0.000002510795
0.000002510739
0.000002510683
0.000002510626
0.000002510568
0.000002510511
0.000002510452
0.000002510394
0.000002510335
0.000002510275
0.000002510216
0.000002510155
0.000002510095
0.000002510034
0.000002509972
0.000002509910
0.000002509848
0.000002509785
0.000002509722
0.000002509658
0.000002509594
0.000002509529
0.000002509464
0.000002509399
0.000002509333
0.000002509267
0.000002509200
0.000002509133
0.000002509066
0.000002508997
0.000002508929
0.000002508860
0.000002508791
0.000002508721
0.000002508651
0.000002508580
0.000002508509
0.000002508437
0.000002508365
0.000002508292
0.000002508219
0.000002508146
0.000002508072
0.000002507998
0.000002507923
0.000002507847
0.000002507772
0.000002507695
0.000002507619
0.000002507542
0.000002507464
0.000002507386
0.000002507307
0.000002507228
0.000002507149
0.000002507069
0.000002506988
0.000002506907
0.000002506826
0.000002506744
0.000002506661
0.000002506578
0.000002506495
0.000002506411
0.000002506327
0.000002506242
0.000002506157
0.000002506071
0.000002505984
