-0.000069233970
-0.000068332042
-0.000067442454
-0.000066565097
-0.000065699862
-0.000064846638
-0.000064005317
-0.000063175788
-0.000062357944
-0.000061551673
-0.000060756867
-0.000059973416
-0.000059201211
-0.000058440143
-0.000057690101
-0.000056950977
-0.000056222660
-0.000055505042
-0.000054798013
-0.000054101464
-0.000053415285
-0.000052739368
-0.000052073611
-0.000051417913
-0.000050772173
-0.000050136291
-0.000049510164
-0.000048893694
-0.000048286778
-0.000047689316
-0.000047101206
-0.000046522349
-0.000045952643
-0.000045391988
-0.000044840282
-0.000044297425
-0.000043763315
-0.000043237853
-0.000042720936
-0.000042212465
-0.000041712338
-0.000041220450
-0.000040736674
-0.000040260879
-0.000039792936
-0.000039332712
-0.000038880077
-0.000038434901
-0.000037997051
-0.000037566398
-0.000037142809
-0.000036726155
-0.000036316305
-0.000035913127
-0.000035516491
-0.000035126265
-0.000034742319
-0.000034364522
-0.000033992743
-0.000033626851
-0.000033266715
-0.000032912212
-0.000032563254
-0.000032219757
-0.000031881641
-0.000031548825
-0.000031221226
-0.000030898763
-0.000030581356
-0.000030268921
-0.000029961379
-0.000029658646
-0.000029360643
-0.000029067287
-0.000028778497
-0.000028494191
-0.000028214289
-0.000027938707
-0.000027667366
-0.000027400183
-0.000027137077
-0.000026877972
-0.000026622811
-0.000026371544
-0.000026124121
-0.000025880489
-0.000025640599
-0.000025404399
-0.000025171839
-0.000024942868
-0.000024717435
-0.000024495490
-0.000024276980
-0.000024061857
-0.000023850068
-0.000023641563
-0.000023436291
-0.000023234202
-0.000023035244
-0.000022839366
-0.000022646519
-0.000022456650
-0.000022269710
-0.000022085647
-0.000021904411
-0.000021725950
-0.000021550214
-0.000021377153
-0.000021206714
-0.000021038848
-0.000020873504
-0.000020710630
-0.000020550177
-0.000020392092
-0.000020236326
-0.000020082827
-0.000019931545
-0.000019782429
-0.000019635427
-0.000019490490
-0.000019347566
-0.000019206610
-0.000019067593
-0.000018930492
-0.000018795285
-0.000018661949
-0.000018530460
-0.000018400796
-0.000018272934
-0.000018146850
-0.000018022522
-0.000017899926
-0.000017779040
-0.000017659841
-0.000017542305
-0.000017426411
-0.000017312134
-0.000017199451
-0.000017088341
-0.000016978779
-0.000016870743
-0.000016764209
-0.000016659158
-0.000016555566
-0.000016453413
-0.000016352677
-0.000016253338
-0.000016155372
-0.000016058760
-0.000015963480
-0.000015869510
-0.000015776829
-0.000015685415
-0.000015595248
-0.000015506306
-0.000015418567
-0.000015332010
-0.000015246614
-0.000015162358
-0.000015079219
-0.000014997177
-0.000014916212
-0.000014836309
-0.000014757456
-0.000014679640
-0.000014602847
-0.000014527066
-0.000014452283
-0.000014378486
-0.000014305661
-0.000014233796
-0.000014162878
-0.000014092895
-0.000014023832
-0.000013955679
-0.000013888421
-0.000013822047
-0.000013756542
-0.000013691895
-0.000013628092
-0.000013565121
-0.000013502970
-0.000013441627
-0.000013381083
-0.000013321328
-0.000013262351
-0.000013204144
-0.000013146694
-0.000013089994
-0.000013034031
-0.000012978797
-0.000012924282
-0.000012870475
-0.000012817366
-0.000012764945
-0.000012713203
-0.000012662128
-0.000012611712
-0.000012561944
-0.000012512813
-0.000012464311
-0.000012416426
-0.000012369153
-0.000012322482
-0.000012276406
-0.000012230919
-0.000012186012
-0.000012141678
-0.000012097910
-0.000012054700
-0.000012012041
-0.000011969925
-0.000011928345
-0.000011887293
-0.000011846762
-0.000011806745
-0.000011767233
-0.000011728221
-0.000011689699
-0.000011651661
-0.000011614099
-0.000011577006
-0.000011540379
-0.000011504213
-0.000011468507
-0.000011433256
-0.000011398457
-0.000011364107
-0.000011330202
-0.000011296740
-0.000011263716
-0.000011231128
-0.000011198967
-0.000011167226
-0.000011135898
-0.000011104974
-0.000011074448
-0.000011044312
-0.000011014558
-0.000010985177
-0.000010956164
-0.000010927510
-0.000010899214
-0.000010871274
-0.000010843687
-0.000010816454
-0.000010789571
-0.000010763037
-0.000010736852
-0.000010711012
-0.000010685517
-0.000010660365
-0.000010635550
-0.000010611068
-0.000010586914
-0.000010563083
-0.000010539569
-0.000010516367
-0.000010493474
-0.000010470882
-0.000010448588
-0.000010426587
-0.000010404875
-0.000010383449
-0.000010362308
-0.000010341448
-0.000010320866
-0.000010300560
-0.000010280526
-0.000010260763
-0.000010241266
-0.000010222034
-0.000010203064
-0.000010184353
-0.000010165898
-0.000010147696
-0.000010129744
-0.000010112041
-0.000010094582
-0.000010077365
-0.000010060388
-0.000010043648
-0.000010027142
-0.000010010869
-0.000009994826
-0.000009979012
-0.000009963424
-0.000009948062
-0.000009932921
-0.000009918002
-0.000009903300
-0.000009888816
-0.000009874546
-0.000009860489
-0.000009846642
-0.000009833004
-0.000009819572
-0.000009806345
-0.000009793321
-0.000009780497
-0.000009767872
-0.000009755443
-0.000009743209
-0.000009731168
-0.000009719318
-0.000009707657
-0.000009696183
-0.000009684895
-0.000009673790
-0.000009662867
-0.000009652124
-0.000009641559
-0.000009631171
-0.000009620956
-0.000009610914
-0.000009601043
-0.000009591340
-0.000009581804
-0.000009572433
-0.000009563226
-0.000009554179
-0.000009545293
-0.000009536564
-0.000009527993
-0.000009519578
-0.000009511318
-0.000009503212
-0.000009495259
-0.000009487458
-0.000009479807
-0.000009472306
-0.000009464953
-0.000009457748
-0.000009450688
-0.000009443774
-0.000009437004
-0.000009430377
-0.000009423892
-0.000009417547
-0.000009411342
-0.000009405275
-0.000009399346
-0.000009393553
-0.000009387895
-0.000009382372
-0.000009376981
-0.000009371722
-0.000009366594
-0.000009361596
-0.000009356726
-0.000009351983
-0.000009347367
-0.000009342877
-0.000009338510
-0.000009334266
-0.000009330145
-0.000009326144
-0.000009322263
-0.000009318500
-0.000009314855
-0.000009311327
-0.000009307914
-0.000009304615
-0.000009301430
-0.000009298359
-0.000009295400
-0.000009292552
-0.000009289816
-0.000009287190
-0.000009284674
-0.000009282266
-0.000009279967
-0.000009277775
-0.000009275689
-0.000009273710
-0.000009271836
-0.000009270067
-0.000009268401
-0.000009266839
-0.000009265379
-0.000009264020
-0.000009262763
-0.000009261606
-0.000009260548
-0.000009259590
-0.000009258729
-0.000009257966
-0.000009257299
-0.000009256729
-0.000009256253
-0.000009255873
-0.000009255586
-0.000009255392
-0.000009255290
-0.000009255280
-0.000009255362
-0.000009255533
-0.000009255794
-0.000009256143
-0.000009256581
-0.000009257106
-0.000009257718
-0.000009258416
-0.000009259200
-0.000009260068
-0.000009261021
-0.000009262059
-0.000009263180
-0.000009264384
-0.000009265670
-0.000009267038
-0.000009268488
-0.000009270019
-0.000009271631
-0.000009273322
-0.000009275093
-0.000009276943
-0.000009278871
-0.000009280877
-0.000009282960
-0.000009285121
-0.000009287357
-0.000009289670
-0.000009292058
-0.000009294520
-0.000009297057
-0.000009299668
-0.000009302352
-0.000009305109
-0.000009307938
-0.000009310838
-0.000009313810
-0.000009316853
-0.000009319966
-0.000009323148
-0.000009326400
-0.000009329720
-0.000009333108
-0.000009336564
-0.000009340087
-0.000009343677
-0.000009347332
-0.000009351054
-0.000009354840
-0.000009358692
-0.000009362608
-0.000009366588
-0.000009370632
-0.000009374740
-0.000009378910
-0.000009383143
-0.000009387438
-0.000009391795
-0.000009396213
-0.000009400693
-0.000009405233
-0.000009409833
-0.000009414493
-0.000009419213
-0.000009423992
-0.000009428829
-0.000009433725
-0.000009438679
-0.000009443691
-0.000009448759
-0.000009453885
-0.000009459067
-0.000009464304
-0.000009469598
-0.000009474947
-0.000009480351
-0.000009485809
-0.000009491321
-0.000009496887
-0.000009502506
-0.000009508179
-0.000009513904
-0.000009519681
-0.000009525509
-0.000009531390
-0.000009537321
-0.000009543303
-0.000009549335
-0.000009555417
-0.000009561549
-0.000009567730
-0.000009573960
-0.000009580239
-0.000009586566
-0.000009592941
-0.000009599363
-0.000009605833
-0.000009612350
-0.000009618913
-0.000009625523
-0.000009632179
-0.000009638880
-0.000009645626
-0.000009652418
-0.000009659254
-0.000009666134
-0.000009673058
-0.000009680026
-0.000009687038
-0.000009694092
-0.000009701188
-0.000009708327
-0.000009715508
-0.000009722731
-0.000009729994
-0.000009737299
-0.000009744644
-0.000009752030
-0.000009759456
-0.000009766921
-0.000009774425
-0.000009781968
-0.000009789550
-0.000009797170
-0.000009804828
-0.000009812524
-0.000009820256
-0.000009828026
-0.000009835832
-0.000009843675
-0.000009851553
-0.000009859466
-0.000009867415
-0.000009875398
-0.000009883416
-0.000009891467
-0.000009899552
-0.000009907670
-0.000009915821
-0.000009924005
-0.000009932220
-0.000009940468
-0.000009948746
-0.000009957056
-0.000009965396
-0.000009973767
-0.000009982167
-0.000009990597
-0.000009999056
-0.000010007543
-0.000010016060
-0.000010024604
-0.000010033176
-0.000010041775
-0.000010050401
-0.000010059053
-0.000010067732
-0.000010076437
-0.000010085167
-0.000010093922
-0.000010102702
-0.000010111506
-0.000010120334
-0.000010129186
-0.000010138061
-0.000010146959
-0.000010155879
-0.000010164821
-0.000010173786
-0.000010182771
-0.000010191778
-0.000010200805
-0.000010209853
-0.000010218920
-0.000010228007
-0.000010237114
-0.000010246239
-0.000010255382
-0.000010264544
-0.000010273723
-0.000010282920
-0.000010292133
-0.000010301363
-0.000010310610
-0.000010319872
-0.000010329150
-0.000010338443
-0.000010347750
-0.000010357072
-0.000010366408
-0.000010375758
-0.000010385121
-0.000010394496
-0.000010403885
-0.000010413285
-0.000010422698
-0.000010432121
-0.000010441556
-0.000010451002
-0.000010460458
-0.000010469923
-0.000010479399
-0.000010488883
-0.000010498377
-0.000010507879
-0.000010517389
-0.000010526906
-0.000010536432
-0.000010545964
-0.000010555503
-0.000010565049
-0.000010574601
-0.000010584159
-0.000010593723
-0.000010603292
-0.000010612867
-0.000010622446
-0.000010632030
-0.000010641617
-0.000010651209
-0.000010660805
-0.000010670404
-0.000010680006
-0.000010689611
-0.000010699218
-0.000010708827
-0.000010718439
-0.000010728052
-0.000010737666
-0.000010747282
-0.000010756898
-0.000010766514
-0.000010776131
-0.000010785748
-0.000010795364
-0.000010804980
-0.000010814594
-0.000010824207
-0.000010833819
-0.000010843429
-0.000010853037
-0.000010862642
-0.000010872244
-0.000010881844
-0.000010891440
-0.000010901032
-0.000010910621
-0.000010920205
-0.000010929785
-0.000010939360
-0.000010948930
-0.000010958494
-0.000010968053
-0.000010977605
-0.000010987152
-0.000010996691
-0.000011006224
-0.000011015750
-0.000011025268
-0.000011034778
-0.000011044280
-0.000011053774
-0.000011063258
-0.000011072734
-0.000011082200
-0.000011091657
-0.000011101104
-0.000011110540
-0.000011119966
-0.000011129381
-0.000011138785
-0.000011148178
-0.000011157558
-0.000011166927
-0.000011176283
-0.000011185626
-0.000011194957
-0.000011204274
-0.000011213578
-0.000011222867
-0.000011232143
-0.000011241404
-0.000011250650
-0.000011259881
-0.000011269097
-0.000011278297
-0.000011287481
-0.000011296648
-0.000011305800
-0.000011314935
-0.000011324053
-0.000011333154
-0.000011342239
-0.000011351306
-0.000011360356
-0.000011369388
-0.000011378403
-0.000011387400
-0.000011396379
-0.000011405340
-0.000011414282
-0.000011423206
-0.000011432112
-0.000011440998
-0.000011449866
-0.000011458714
-0.000011467543
-0.000011476353
-0.000011485143
-0.000011493914
-0.000011502664
-0.000011511394
-0.000011520104
-0.000011528793
-0.000011537462
-0.000011546110
-0.000011554738
-0.000011563344
-0.000011571928
-0.000011580492
-0.000011589034
-0.000011597554
-0.000011606052
-0.000011614528
-0.000011622981
-0.000011631413
-0.000011639821
-0.000011648207
-0.000011656571
-0.000011664911
-0.000011673228
-0.000011681523
-0.000011689794
-0.000011698041
-0.000011706265
-0.000011714466
-0.000011722643
-0.000011730796
-0.000011738925
-0.000011747031
-0.000011755112
-0.000011763169
-0.000011771202
-0.000011779210
-0.000011787194
-0.000011795153
-0.000011803087
-0.000011810996
-0.000011818881
-0.000011826740
-0.000011834574
-0.000011842383
-0.000011850166
-0.000011857924
-0.000011865657
-0.000011873363
-0.000011881044
-0.000011888699
-0.000011896327
-0.000011903930
-0.000011911506
-0.000011919056
-0.000011926579
-0.000011934076
-0.000011941546
-0.000011948989
-0.000011956405
-0.000011963795
-0.000011971157
-0.000011978492
-0.000011985800
-0.000011993081
-0.000012000335
-0.000012007562
-0.000012014761
-0.000012021933
-0.000012029077
-0.000012036195
-0.000012043285
-0.000012050347
-0.000012057382
-0.000012064389
-0.000012071369
-0.000012078321
-0.000012085245
-0.000012092142
-0.000012099011
-0.000012105852
-0.000012112665
-0.000012119451
-0.000012126208
-0.000012132938
-0.000012139639
-0.000012146312
-0.000012152958
-0.000012159575
-0.000012166164
-0.000012172725
-0.000012179258
-0.000012185762
-0.000012192238
-0.000012198686
-0.000012205105
-0.000012211496
-0.000012217858
-0.000012224192
-0.000012230497
-0.000012236774
-0.000012243022
-0.000012249242
-0.000012255433
-0.000012261596
-0.000012267731
-0.000012273838
-0.000012279917
-0.000012285968
-0.000012291990
-0.000012297985
-0.000012303952
-0.000012309891
-0.000012315802
-0.000012321686
-0.000012327542
-0.000012333371
-0.000012339172
-0.000012344945
-0.000012350691
-0.000012356410
-0.000012362102
-0.000012367766
-0.000012373403
-0.000012379013
-0.000012384596
-0.000012390152
-0.000012395681
-0.000012401184
-0.000012406659
-0.000012412108
-0.000012417530
-0.000012422925
-0.000012428294
-0.000012433637
-0.000012438953
-0.000012444242
-0.000012449505
-0.000012454742
-0.000012459953
-0.000012465138
-0.000012470296
-0.000012475429
-0.000012480535
-0.000012485616
-0.000012490671
-0.000012495700
-0.000012500703
-0.000012505681
-0.000012510633
-0.000012515559
-0.000012520460
-0.000012525336
-0.000012530186
-0.000012535011
-0.000012539811
-0.000012544585
-0.000012549335
-0.000012554059
-0.000012558758
-0.000012563433
-0.000012568082
-0.000012572707
-0.000012577307
-0.000012581882
-0.000012586433
-0.000012590959
-0.000012595460
-0.000012599937
-0.000012604390
-0.000012608818
-0.000012613222
-0.000012617602
-0.000012621957
-0.000012626289
-0.000012630596
-0.000012634879
-0.000012639139
-0.000012643375
-0.000012647587
-0.000012651775
-0.000012655939
-0.000012660080
-0.000012664198
-0.000012668292
-0.000012672363
-0.000012676410
-0.000012680435
-0.000012684436
-0.000012688415
-0.000012692371
-0.000012696303
-0.000012700214
-0.000012704101
-0.000012707966
-0.000012711809
-0.000012715629
-0.000012719427
-0.000012723203
-0.000012726956
-0.000012730688
-0.000012734398
-0.000012738086
-0.000012741752
-0.000012745396
-0.000012749019
-0.000012752620
-0.000012756200
-0.000012759759
-0.000012763296
-0.000012766812
-0.000012770307
-0.000012773781
-0.000012777234
-0.000012780667
-0.000012784078
-0.000012787469
-0.000012790840
-0.000012794189
-0.000012797519
-0.000012800828
-0.000012804117
-0.000012807386
-0.000012810635
-0.000012813864
-0.000012817073
-0.000012820263
-0.000012823433
-0.000012826584
-0.000012829716
-0.000012832828
-0.000012835921
-0.000012838996
-0.000012842051
-0.000012845088
-0.000012848107
-0.000012851106
-0.000012854088
-0.000012857051
-0.000012859996
-0.000012862923
-0.000012865832
-0.000012868723
-0.000012871597
-0.000012874453
-0.000012877292
-0.000012880113
-0.000012882917
-0.000012885703
-0.000012888473
-0.000012891226
-0.000012893962
-0.000012896682
-0.000012899384
-0.000012902071
-0.000012904741
-0.000012907395
-0.000012910032
-0.000012912654
-0.000012915260
-0.000012917850
-0.000012920424
-0.000012922983
-0.000012925526
-0.000012928053
-0.000012930565
-0.000012933061
-0.000012935542
-0.000012938007
-0.000012940458
-0.000012942893
-0.000012945313
-0.000012947718
-0.000012950108
-0.000012952482
-0.000012954842
-0.000012957187
-0.000012959518
-0.000012961833
-0.000012964134
-0.000012966421
-0.000012968692
-0.000012970950
-0.000012973193
-0.000012975421
-0.000012977635
-0.000012979835
-0.000012982021
-0.000012984193
-0.000012986351
-0.000012988494
-0.000012990624
-0.000012992740
-0.000012994842
-0.000012996931
-0.000012999005
-0.000013001066
-0.000013003114
-0.000013005148
-0.000013007168
-0.000013009175
-0.000013011169
-0.000013013150
-0.000013015117
-0.000013017072
-0.000013019013
-0.000013020942
-0.000013022857
-0.000013024760
-0.000013026650
-0.000013028527
-0.000013030392
-0.000013032244
-0.000013034084
-0.000013035911
-0.000013037726
-0.000013039529
-0.000013041319
-0.000013043098
-0.000013044864
-0.000013046618
-0.000013048361
-0.000013050091
-0.000013051810
-0.000013053517
-0.000013055213
-0.000013056897
-0.000013058569
-0.000013060230
-0.000013061880
-0.000013063518
-0.000013065145
-0.000013066761
-0.000013068366
-0.000013069960
-0.000013071543
-0.000013073115
-0.000013074676
-0.000013076227
-0.000013077766
-0.000013079296
-0.000013080814
-0.000013082323
-0.000013083821
-0.000013085309
-0.000013086786
-0.000013088254
-0.000013089712
-0.000013091160
-0.000013092598
-0.000013094026
-0.000013095445
-0.000013096854
-0.000013098254
-0.000013099644
-0.000013101026
-0.000013102398
-0.000013103761
-0.000013105115
-0.000013106460
-0.000013107796
-0.000013109124
-0.000013110443
-0.000013111753
-0.000013113056
-0.000013114349
-0.000013115635
-0.000013116912
-0.000013118181
-0.000013119442
-0.000013120695
-0.000013121941
-0.000013123178
-0.000013124408
-0.000013125631
-0.000013126846
-0.000013128053
-0.000013129254
-0.000013130447
-0.000013131633
-0.000013132812
-0.000013133984
-0.000013135148
-0.000013136306
-0.000013137456
-0.000013138600
-0.000013139736
-0.000013140865
-0.000013141987
-0.000013143102
-0.000013144210
-0.000013145311
-0.000013146405
-0.000013147491
-0.000013148571
-0.000013149643
-0.000013150709
-0.000013151767
-0.000013152819
-0.000013153863
-0.000013154900
-0.000013155930
-0.000013156953
-0.000013157969
-0.000013158978
-0.000013159980
-0.000013160975
-0.000013161963
-0.000013162944
-0.000013163917
-0.000013164884
-0.000013165844
-0.000013166797
-0.000013167742
-0.000013168681
-0.000013169612
-0.000013170537
-0.000013171455
-0.000013172365
-0.000013173269
-0.000013174165
-0.000013175055
-0.000013175938
-0.000013176814
-0.000013177684
-0.000013178547
-0.000013179403
-0.000013180254
-0.000013181097
-0.000013181935
-0.000013182766
-0.000013183591
-0.000013184410
-0.000013185223
-0.000013186030
-0.000013186831
-0.000013187626
-0.000013188416
-0.000013189200
-0.000013189978
-0.000013190751
-0.000013191519
-0.000013192281
-0.000013193038
-0.000013193789
-0.000013194536
-0.000013195277
-0.000013196013
-0.000013196745
-0.000013197471
-0.000013198193
-0.000013198910
-0.000013199623
-0.000013200331
-0.000013201034
-0.000013201733
-0.000013202428
-0.000013203118
-0.000013203804
-0.000013204486
-0.000013205164
-0.000013205837
-0.000013206507
-0.000013207172
-0.000013207834
-0.000013208491
-0.000013209144
-0.000013209793
-0.000013210438
-0.000013211079
-0.000013211716
-0.000013212349
-0.000013212978
-0.000013213603
-0.000013214224
-0.000013214841
-0.000013215454
-0.000013216063
-0.000013216668
-0.000013217269
-0.000013217866
-0.000013218460
-0.000013219049
-0.000013219634
-0.000013220216
-0.000013220793
-0.000013221367
-0.000013221937
-0.000013222503
-0.000013223065
-0.000013223623
-0.000013224178
-0.000013224728
-0.000013225275
-0.000013225818
-0.000013226358
-0.000013226893
-0.000013227425
-0.000013227953
-0.000013228477
-0.000013228997
-0.000013229514
-0.000013230027
-0.000013230536
-0.000013231042
-0.000013231544
-0.000013232042
-0.000013232537
-0.000013233028
-0.000013233515
-0.000013233999
-0.000013234480
-0.000013234957
-0.000013235430
-0.000013235900
-0.000013236367
-0.000013236830
-0.000013237289
-0.000013237745
-0.000013238198
-0.000013238647
-0.000013239093
-0.000013239536
-0.000013239975
-0.000013240411
-0.000013240844
-0.000013241274
-0.000013241700
-0.000013242123
-0.000013242542
-0.000013242959
-0.000013243372
-0.000013243782
-0.000013244189
-0.000013244593
-0.000013244994
-0.000013245392
-0.000013245786
-0.000013246178
-0.000013246566
-0.000013246952
-0.000013247334
-0.000013247714
-0.000013248091
-0.000013248465
-0.000013248836
-0.000013249204
-0.000013249570
-0.000013249933
-0.000013250294
-0.000013250652
-0.000013251008
-0.000013251361
-0.000013251712
-0.000013252060
-0.000013252407
-0.000013252750
-0.000013253092
-0.000013253432
-0.000013253769
-0.000013254105
-0.000013254438
-0.000013254770
-0.000013255099
-0.000013255427
-0.000013255753
-0.000013256077
-0.000013256400
-0.000013256721
-0.000013257040
-0.000013257357
-0.000013257673
-0.000013257988
-0.000013258301
-0.000013258613
-0.000013258923
-0.000013259232
-0.000013259540
-0.000013259847
-0.000013260152
-0.000013260457
-0.000013260760
-0.000013261062
-0.000013261362
-0.000013261661
-0.000013261959
-0.000013262256
-0.000013262551
-0.000013262844
-0.000013263136
-0.000013263427
-0.000013263715
-0.000013264003
-0.000013264288
-0.000013264572
-0.000013264854
-0.000013265135
-0.000013265413
-0.000013265690
-0.000013265965
-0.000013266238
-0.000013266509
-0.000013266778
-0.000013267045
-0.000013267310
-0.000013267573
-0.000013267833
-0.000013268092
-0.000013268348
-0.000013268602
-0.000013268854
-0.000013269103
-0.000013269351
-0.000013269595
-0.000013269838
-0.000013270078
-0.000013270315
-0.000013270550
-0.000013270782
-0.000013271012
-0.000013271239
-0.000013271464
-0.000013271686
-0.000013271906
-0.000013272123
-0.000013272338
-0.000013272551
-0.000013272762
-0.000013272971
-0.000013273178
-0.000013273382
-0.000013273585
-0.000013273786
-0.000013273985
-0.000013274182
-0.000013274378
-0.000013274572
-0.000013274764
-0.000013274954
-0.000013275144
-0.000013275331
-0.000013275518
-0.000013275703
-0.000013275887
-0.000013276069
-0.000013276251
-0.000013276431
-0.000013276610
-0.000013276788
-0.000013276966
-0.000013277142
-0.000013277318
-0.000013277492
-0.000013277666
-0.000013277840
-0.000013278013
-0.000013278185
-0.000013278357
-0.000013278528
-0.000013278699
-0.000013278869
-0.000013279039
-0.000013279209
-0.000013279378
-0.000013279547
-0.000013279715
-0.000013279883
-0.000013280050
-0.000013280217
-0.000013280383
-0.000013280548
-0.000013280714
-0.000013280878
-0.000013281042
-0.000013281205
-0.000013281368
-0.000013281530
-0.000013281691
-0.000013281852
-0.000013282012
-0.000013282172
-0.000013282330
-0.000013282488
-0.000013282646
-0.000013282802
-0.000013282958
-0.000013283113
-0.000013283267
-0.000013283420
-0.000013283573
-0.000013283725
-0.000013283875
-0.000013284025
-0.000013284175
-0.000013284323
-0.000013284470
-0.000013284617
-0.000013284762
-0.000013284907
-0.000013285050
-0.000013285193
-0.000013285335
-0.000013285475
-0.000013285615
-0.000013285754
-0.000013285892
-0.000013286029
-0.000013286165
-0.000013286300
-0.000013286434
-0.000013286567
-0.000013286699
-0.000013286831
-0.000013286961
-0.000013287090
-0.000013287219
-0.000013287346
-0.000013287473
-0.000013287599
-0.000013287723
-0.000013287847
-0.000013287970
-0.000013288092
-0.000013288213
-0.000013288333
-0.000013288452
-0.000013288571
-0.000013288688
-0.000013288804
-0.000013288920
-0.000013289034
-0.000013289148
-0.000013289261
-0.000013289373
-0.000013289484
-0.000013289594
-0.000013289703
-0.000013289811
-0.000013289919
-0.000013290025
-0.000013290131
-0.000013290235
-0.000013290339
-0.000013290442
-0.000013290544
-0.000013290645
-0.000013290746
-0.000013290845
-0.000013290944
-0.000013291042
-0.000013291139
-0.000013291236
-0.000013291331
-0.000013291426
-0.000013291520
-0.000013291613
-0.000013291705
-0.000013291797
-0.000013291888
-0.000013291978
-0.000013292068
-0.000013292156
-0.000013292244
-0.000013292332
-0.000013292419
-0.000013292504
-0.000013292590
-0.000013292674
-0.000013292758
-0.000013292842
-0.000013292924
-0.000013293006
-0.000013293088
-0.000013293169
-0.000013293249
-0.000013293328
-0.000013293407
-0.000013293486
-0.000013293564
-0.000013293641
-0.000013293718
-0.000013293794
-0.000013293869
-0.000013293945
-0.000013294019
-0.000013294093
-0.000013294167
-0.000013294240
-0.000013294312
-0.000013294384
-0.000013294456
-0.000013294527
-0.000013294598
-0.000013294668
-0.000013294737
-0.000013294807
-0.000013294876
-0.000013294944
-0.000013295012
-0.000013295080
-0.000013295147
-0.000013295214
-0.000013295280
-0.000013295346
-0.000013295412
-0.000013295477
-0.000013295542
-0.000013295607
-0.000013295671
-0.000013295735
-0.000013295799
-0.000013295862
-0.000013295925
-0.000013295988
-0.000013296050
-0.000013296113
-0.000013296174
-0.000013296236
-0.000013296298
-0.000013296359
-0.000013296420
-0.000013296480
-0.000013296541
-0.000013296601
-0.000013296661
-0.000013296721
-0.000013296780
-0.000013296839
-0.000013296899
-0.000013296957
-0.000013297016
-0.000013297074
-0.000013297133
-0.000013297190
-0.000013297248
-0.000013297306
-0.000013297363
-0.000013297420
-0.000013297477
-0.000013297534
-0.000013297590
-0.000013297647
-0.000013297703
-0.000013297759
-0.000013297814
-0.000013297870
-0.000013297925
-0.000013297980
-0.000013298035
-0.000013298090
-0.000013298145
-0.000013298199
-0.000013298254
-0.000013298308
-0.000013298362
-0.000013298415
-0.000013298469
-0.000013298522
-0.000013298576
-0.000013298629
-0.000013298682
-0.000013298735
-0.000013298787
-0.000013298840
-0.000013298892
-0.000013298944
-0.000013298996
-0.000013299048
-0.000013299099
-0.000013299151
-0.000013299202
-0.000013299253
-0.000013299304
-0.000013299354
-0.000013299405
-0.000013299455
-0.000013299505
-0.000013299555
-0.000013299604
-0.000013299654
-0.000013299703
-0.000013299752
-0.000013299801
-0.000013299849
-0.000013299897
-0.000013299945
-0.000013299993
-0.000013300041
-0.000013300088
-0.000013300136
-0.000013300182
-0.000013300229
-0.000013300276
-0.000013300322
-0.000013300368
-0.000013300413
-0.000013300459
-0.000013300504
-0.000013300549
-0.000013300594
-0.000013300638
-0.000013300682
-0.000013300726
-0.000013300770
-0.000013300813
-0.000013300856
-0.000013300899
-0.000013300941
-0.000013300983
-0.000013301025
-0.000013301067
-0.000013301108
-0.000013301149
-0.000013301190
-0.000013301230
-0.000013301271
-0.000013301310
-0.000013301350
-0.000013301389
-0.000013301428
-0.000013301467
-0.000013301505
-0.000013301543
-0.000013301581
-0.000013301618
-0.000013301655
-0.000013301692
-0.000013301728
-0.000013301764
-0.000013301800
-0.000013301835
-0.000013301870
-0.000013301905
-0.000013301939
-0.000013301973
-0.000013302007
-0.000013302040
-0.000013302073
-0.000013302105
-0.000013302137
-0.000013302169
-0.000013302201
-0.000013302232
-0.000013302262
-0.000013302293
-0.000013302323
-0.000013302352
-0.000013302381
-0.000013302410
-0.000013302439
-0.000013302467
-0.000013302494
-0.000013302521
-0.000013302548
-0.000013302575
-0.000013302601
-0.000013302626
-0.000013302652
-0.000013302676
-0.000013302701
-0.000013302725
-0.000013302748
-0.000013302772
-0.000013302794
-0.000013302817
-0.000013302839
-0.000013302860
-0.000013302882
-0.000013302902
-0.000013302923
-0.000013302943
-0.000013302963
-0.000013302982
-0.000013303001
-0.000013303019
-0.000013303038
-0.000013303056
-0.000013303073
-0.000013303090
-0.000013303107
-0.000013303123
-0.000013303140
-0.000013303155
-0.000013303171
-0.000013303186
-0.000013303201
-0.000013303215
-0.000013303229
-0.000013303243
-0.000013303256
-0.000013303270
-0.000013303282
-0.000013303295
-0.000013303307
-0.000013303319
-0.000013303331
-0.000013303342
-0.000013303353
-0.000013303364
-0.000013303374
-0.000013303384
-0.000013303394
-0.000013303404
-0.000013303413
-0.000013303422
-0.000013303431
-0.000013303439
-0.000013303447
-0.000013303455
-0.000013303463
-0.000013303471
-0.000013303478
-0.000013303485
-0.000013303491
-0.000013303498
-0.000013303504
-0.000013303510
-0.000013303516
-0.000013303521
-0.000013303527
-0.000013303532
-0.000013303537
-0.000013303541
-0.000013303546
-0.000013303550
-0.000013303554
-0.000013303558
-0.000013303561
-0.000013303564
-0.000013303568
-0.000013303571
-0.000013303573
-0.000013303576
-0.000013303578
-0.000013303581
-0.000013303583
-0.000013303585
-0.000013303586
-0.000013303588
-0.000013303589
-0.000013303590
-0.000013303591
-0.000013303592
-0.000013303593
-0.000013303594
-0.000013303594
-0.000013303594
-0.000013303595
-0.000013303595
-0.000013303594
-0.000013303594
-0.000013303594
-0.000013303593
-0.000013303593
-0.000013303592
-0.000013303591
-0.000013303590
-0.000013303589
-0.000013303588
-0.000013303586
-0.000013303585
-0.000013303583
-0.000013303582
-0.000013303580
-0.000013303578
-0.000013303576
-0.000013303575
-0.000013303572
-0.000013303570
-0.000013303568
-0.000013303566
-0.000013303564
-0.000013303561
-0.000013303559
-0.000013303557
-0.000013303554
-0.000013303552
-0.000013303549
-0.000013303547
-0.000013303544
-0.000013303541
-0.000013303539
-0.000013303536
-0.000013303533
-0.000013303531
-0.000013303528
-0.000013303525
-0.000013303523
-0.000013303520
-0.000013303517
-0.000013303515
-0.000013303512
-0.000013303509
-0.000013303507
-0.000013303504
-0.000013303502
-0.000013303499
-0.000013303497
-0.000013303495
-0.000013303492
-0.000013303490
-0.000013303488
-0.000013303486
-0.000013303484
-0.000013303482
-0.000013303480
-0.000013303478
-0.000013303476
-0.000013303474
-0.000013303473
-0.000013303471
-0.000013303470
-0.000013303469
-0.000013303468
-0.000013303466
-0.000013303465
-0.000013303465
-0.000013303464
-0.000013303463
-0.000013303463
-0.000013303463
-0.000013303462
-0.000013303462
-0.000013303462
-0.000013303463
-0.000013303463
-0.000013303464
-0.000013303464
-0.000013303465
-0.000013303466
-0.000013303467
-0.000013303469
-0.000013303470
-0.000013303472
-0.000013303474
-0.000013303476
-0.000013303479
-0.000013303481
-0.000013303484
-0.000013303487
-0.000013303490
-0.000013303493
-0.000013303497
-0.000013303501
-0.000013303505
-0.000013303509
-0.000013303514
-0.000013303518
-0.000013303523
-0.000013303529
-0.000013303534
-0.000013303540
-0.000013303546
-0.000013303552
-0.000013303559
-0.000013303566
-0.000013303573
-0.000013303580
-0.000013303588
-0.000013303596
-0.000013303604
-0.000013303612
-0.000013303621
-0.000013303630
-0.000013303639
-0.000013303649
-0.000013303659
-0.000013303669
-0.000013303679
-0.000013303690
-0.000013303700
-0.000013303711
-0.000013303722
-0.000013303734
-0.000013303746
-0.000013303757
-0.000013303769
-0.000013303782
-0.000013303794
-0.000013303807
-0.000013303819
-0.000013303832
-0.000013303845
-0.000013303859
-0.000013303872
-0.000013303886
-0.000013303900
-0.000013303913
-0.000013303927
-0.000013303942
-0.000013303956
-0.000013303970
-0.000013303985
-0.000013304000
-0.000013304014
-0.000013304029
-0.000013304044
-0.000013304059
-0.000013304074
-0.000013304090
-0.000013304105
-0.000013304120
-0.000013304136
-0.000013304151
-0.000013304167
-0.000013304183
-0.000013304198
-0.000013304214
-0.000013304230
-0.000013304245
-0.000013304261
-0.000013304277
-0.000013304293
-0.000013304309
-0.000013304325
-0.000013304341
-0.000013304357
-0.000013304372
-0.000013304388
-0.000013304404
-0.000013304420
-0.000013304436
-0.000013304452
-0.000013304467
-0.000013304483
-0.000013304499
-0.000013304514
-0.000013304530
-0.000013304545
-0.000013304561
-0.000013304576
-0.000013304591
-0.000013304606
-0.000013304621
-0.000013304636
-0.000013304651
-0.000013304666
-0.000013304681
-0.000013304695
-0.000013304710
-0.000013304724
-0.000013304738
-0.000013304752
-0.000013304766
-0.000013304780
-0.000013304793
-0.000013304807
-0.000013304820
-0.000013304833
-0.000013304846
-0.000013304859
-0.000013304872
-0.000013304884
-0.000013304896
-0.000013304908
-0.000013304920
-0.000013304932
-0.000013304943
-0.000013304955
-0.000013304966
-0.000013304976
-0.000013304987
-0.000013304997
-0.000013305007
-0.000013305017
-0.000013305027
-0.000013305037
-0.000013305046
-0.000013305055
-0.000013305064
-0.000013305072
-0.000013305081
-0.000013305089
-0.000013305097
-0.000013305105
-0.000013305113
-0.000013305120
-0.000013305128
-0.000013305135
-0.000013305142
-0.000013305149
-0.000013305155
-0.000013305162
-0.000013305168
-0.000013305174
-0.000013305180
-0.000013305185
-0.000013305191
-0.000013305196
-0.000013305201
-0.000013305206
-0.000013305211
-0.000013305216
-0.000013305220
-0.000013305225
-0.000013305229
-0.000013305233
-0.000013305237
-0.000013305240
-0.000013305244
-0.000013305247
-0.000013305250
-0.000013305254
-0.000013305256
-0.000013305259
-0.000013305262
-0.000013305264
-0.000013305267
-0.000013305269
-0.000013305271
-0.000013305273
-0.000013305275
-0.000013305276
-0.000013305278
-0.000013305279
-0.000013305281
-0.000013305282
-0.000013305283
-0.000013305284
-0.000013305285
-0.000013305285
-0.000013305286
-0.000013305286
-0.000013305287
-0.000013305287
-0.000013305287
-0.000013305287
-0.000013305287
-0.000013305286
-0.000013305286
-0.000013305286
-0.000013305285
-0.000013305285
-0.000013305284
-0.000013305283
-0.000013305282
-0.000013305281
-0.000013305280
-0.000013305279
-0.000013305277
-0.000013305276
-0.000013305274
-0.000013305273
-0.000013305271
-0.000013305269
-0.000013305268
-0.000013305266
-0.000013305264
-0.000013305262
-0.000013305260
-0.000013305257
-0.000013305255
-0.000013305253
-0.000013305250
-0.000013305248
-0.000013305246
-0.000013305243
-0.000013305240
-0.000013305238
-0.000013305235
-0.000013305232
-0.000013305229
-0.000013305226
-0.000013305223
-0.000013305220
-0.000013305217
-0.000013305214
-0.000013305211
-0.000013305208
-0.000013305205
-0.000013305201
-0.000013305198
-0.000013305195
-0.000013305191
-0.000013305188
-0.000013305184
-0.000013305181
-0.000013305178
-0.000013305174
-0.000013305170
-0.000013305167
-0.000013305163
-0.000013305160
-0.000013305156
-0.000013305152
-0.000013305149
-0.000013305145
-0.000013305141
-0.000013305138
-0.000013305134
-0.000013305130
-0.000013305127
-0.000013305123
-0.000013305119
-0.000013305116
-0.000013305112
-0.000013305108
-0.000013305105
-0.000013305101
-0.000013305097
-0.000013305093
-0.000013305090
-0.000013305086
-0.000013305083
-0.000013305079
-0.000013305075
-0.000013305072
-0.000013305068
-0.000013305065
-0.000013305061
-0.000013305058
-0.000013305054
-0.000013305051
-0.000013305048
-0.000013305044
-0.000013305041
-0.000013305038
-0.000013305034
-0.000013305031
-0.000013305028
-0.000013305025
-0.000013305022
-0.000013305019
-0.000013305016
-0.000013305013
-0.000013305010
-0.000013305007
-0.000013305004
-0.000013305002
-0.000013304999
-0.000013304996
-0.000013304994
-0.000013304991
-0.000013304989
-0.000013304987
-0.000013304984
-0.000013304982
-0.000013304980
-0.000013304978
-0.000013304976
-0.000013304974
-0.000013304972
-0.000013304971
-0.000013304969
-0.000013304967
-0.000013304966
-0.000013304964
-0.000013304963
-0.000013304962
-0.000013304961
-0.000013304960
-0.000013304959
-0.000013304958
-0.000013304957
-0.000013304956
-0.000013304956
-0.000013304955
-0.000013304955
-0.000013304955
-0.000013304954
-0.000013304954
-0.000013304954
-0.000013304955
-0.000013304955
-0.000013304955
-0.000013304956
-0.000013304956
-0.000013304957
-0.000013304958
-0.000013304959
-0.000013304960
-0.000013304961
-0.000013304962
-0.000013304964
-0.000013304965
-0.000013304967
-0.000013304969
-0.000013304971
-0.000013304973
-0.000013304975
-0.000013304977
-0.000013304980
-0.000013304982
-0.000013304985
-0.000013304988
-0.000013304990
-0.000013304993
-0.000013304997
-0.000013305000
-0.000013305003
-0.000013305007
-0.000013305011
-0.000013305014
-0.000013305018
-0.000013305022
-0.000013305027
-0.000013305031
-0.000013305036
-0.000013305040
-0.000013305045
-0.000013305050
-0.000013305055
-0.000013305060
-0.000013305066
-0.000013305071
-0.000013305077
-0.000013305082
-0.000013305088
-0.000013305094
-0.000013305101
-0.000013305107
-0.000013305114
-0.000013305120
-0.000013305127
-0.000013305134
-0.000013305141
-0.000013305149
-0.000013305156
-0.000013305164
-0.000013305171
-0.000013305179
-0.000013305187
-0.000013305196
-0.000013305204
-0.000013305212
-0.000013305221
-0.000013305230
-0.000013305239
-0.000013305248
-0.000013305258
-0.000013305267
-0.000013305277
-0.000013305287
-0.000013305297
-0.000013305307
-0.000013305317
-0.000013305328
-0.000013305338
-0.000013305349
-0.000013305360
-0.000013305372
-0.000013305383
-0.000013305395
-0.000013305406
-0.000013305418
-0.000013305430
-0.000013305443
-0.000013305455
-0.000013305468
-0.000013305481
-0.000013305494
-0.000013305507
-0.000013305520
-0.000013305534
-0.000013305547
-0.000013305561
-0.000013305575
-0.000013305590
-0.000013305604
-0.000013305619
-0.000013305634
-0.000013305649
-0.000013305664
-0.000013305679
-0.000013305695
-0.000013305711
-0.000013305727
-0.000013305743
-0.000013305760
-0.000013305776
-0.000013305793
-0.000013305810
-0.000013305827
-0.000013305845
-0.000013305862
-0.000013305880
-0.000013305898
-0.000013305916
-0.000013305935
-0.000013305953
-0.000013305972
-0.000013305991
-0.000013306010
-0.000013306030
-0.000013306049
-0.000013306069
-0.000013306089
-0.000013306110
-0.000013306130
-0.000013306151
-0.000013306172
-0.000013306193
-0.000013306214
-0.000013306236
-0.000013306258
-0.000013306280
-0.000013306302
-0.000013306325
-0.000013306347
-0.000013306370
-0.000013306393
-0.000013306417
-0.000013306440
-0.000013306464
-0.000013306488
-0.000013306512
-0.000013306537
-0.000013306561
-0.000013306586
-0.000013306612
-0.000013306637
-0.000013306663
-0.000013306689
-0.000013306715
-0.000013306741
-0.000013306768
-0.000013306794
-0.000013306821
-0.000013306849
-0.000013306876
-0.000013306904
-0.000013306932
-0.000013306960
-0.000013306989
-0.000013307017
-0.000013307046
-0.000013307076
-0.000013307105
-0.000013307135
-0.000013307165
-0.000013307195
-0.000013307225
-0.000013307256
-0.000013307287
-0.000013307318
-0.000013307350
-0.000013307381
-0.000013307413
-0.000013307445
-0.000013307478
-0.000013307511
-0.000013307544
-0.000013307577
-0.000013307610
-0.000013307644
-0.000013307678
-0.000013307712
-0.000013307747
-0.000013307782
-0.000013307817
-0.000013307852
-0.000013307887
-0.000013307923
-0.000013307959
-0.000013307996
-0.000013308032
-0.000013308069
-0.000013308107
-0.000013308144
