0.200000000
0.205000000
0.210000000
0.215000000
0.220000000
0.225000000
0.230000000
0.235000000
0.240000000
0.245000000
0.250000000
0.255000000
0.260000000
0.265000000
0.270000000
0.275000000
0.280000000
0.285000000
0.290000000
0.295000000
0.300000000
0.305000000
0.310000000
0.315000000
0.320000000
0.325000000
0.330000000
0.335000000
0.340000000
0.345000000
0.350000000
0.355000000
0.360000000
0.365000000
0.370000000
0.375000000
0.380000000
0.385000000
0.390000000
0.395000000
0.400000000
0.405000000
0.410000000
0.415000000
0.420000000
0.425000000
0.430000000
0.435000000
0.440000000
0.445000000
0.450000000
0.455000000
0.460000000
0.465000000
0.470000000
0.475000000
0.480000000
0.485000000
0.490000000
0.495000000
0.500000000
0.505000000
0.510000000
0.515000000
0.520000000
0.525000000
0.530000000
0.535000000
0.540000000
0.545000000
0.550000000
0.555000000
0.560000000
0.565000000
0.570000000
0.575000000
0.580000000
0.585000000
0.590000000
0.595000000
0.600000000
0.605000000
0.610000000
0.615000000
0.620000000
0.625000000
0.630000000
0.635000000
0.640000000
0.645000000
0.650000000
0.655000000
0.660000000
0.665000000
0.670000000
0.675000000
0.680000000
0.685000000
0.690000000
0.695000000
0.700000000
0.705000000
0.710000000
0.715000000
0.720000000
0.725000000
0.730000000
0.735000000
0.740000000
0.745000000
0.750000000
0.755000000
0.760000000
0.765000000
0.770000000
0.775000000
0.780000000
0.785000000
0.790000000
0.795000000
0.800000000
0.805000000
0.810000000
0.815000000
0.820000000
0.825000000
0.830000000
0.835000000
0.840000000
0.845000000
0.850000000
0.855000000
0.860000000
0.865000000
0.870000000
0.875000000
0.880000000
0.885000000
0.890000000
0.895000000
0.900000000
0.905000000
0.910000000
0.915000000
0.920000000
0.925000000
0.930000000
0.935000000
0.940000000
0.945000000
0.950000000
0.955000000
0.960000000
0.965000000
0.970000000
0.975000000
0.980000000
0.985000000
0.990000000
0.995000000
1.000000000
1.005000000
1.010000000
1.015000000
1.020000000
1.025000000
1.030000000
1.035000000
1.040000000
1.045000000
1.050000000
1.055000000
1.060000000
1.065000000
1.070000000
1.075000000
1.080000000
1.085000000
1.090000000
1.095000000
1.100000000
1.105000000
1.110000000
1.115000000
1.120000000
1.125000000
1.130000000
1.135000000
1.140000000
1.145000000
1.150000000
1.155000000
1.160000000
1.165000000
1.170000000
1.175000000
1.180000000
1.185000000
1.190000000
1.195000000
1.200000000
1.205000000
1.210000000
1.215000000
1.220000000
1.225000000
1.230000000
1.235000000
1.240000000
1.245000000
1.250000000
1.255000000
1.260000000
1.265000000
1.270000000
1.275000000
1.280000000
1.285000000
1.290000000
1.295000000
1.300000000
1.305000000
1.310000000
1.315000000
1.320000000
1.325000000
1.330000000
1.335000000
1.340000000
1.345000000
1.350000000
1.355000000
1.360000000
1.365000000
1.370000000
1.375000000
1.380000000
1.385000000
1.390000000
1.395000000
1.400000000
1.405000000
1.410000000
1.415000000
1.420000000
1.425000000
1.430000000
1.435000000
1.440000000
1.445000000
1.450000000
1.455000000
1.460000000
1.465000000
1.470000000
1.475000000
1.480000000
1.485000000
1.490000000
1.495000000
1.500000000
1.505000000
1.510000000
1.515000000
1.520000000
1.525000000
1.530000000
1.535000000
1.540000000
1.545000000
1.550000000
1.555000000
1.560000000
1.565000000
1.570000000
1.575000000
1.580000000
1.585000000
1.590000000
1.595000000
1.600000000
1.605000000
1.610000000
1.615000000
1.620000000
1.625000000
1.630000000
1.635000000
1.640000000
1.645000000
1.650000000
1.655000000
1.660000000
1.665000000
1.670000000
1.675000000
1.680000000
1.685000000
1.690000000
1.695000000
1.700000000
1.705000000
1.710000000
1.715000000
1.720000000
1.725000000
1.730000000
1.735000000
1.740000000
1.745000000
1.750000000
1.755000000
1.760000000
1.765000000
1.770000000
1.775000000
1.780000000
1.785000000
1.790000000
1.795000000
1.800000000
1.805000000
1.810000000
1.815000000
1.820000000
1.825000000
1.830000000
1.835000000
1.840000000
1.845000000
1.850000000
1.855000000
1.860000000
1.865000000
1.870000000
1.875000000
1.880000000
1.885000000
1.890000000
1.895000000
1.900000000
1.905000000
1.910000000
1.915000000
1.920000000
1.925000000
1.930000000
1.935000000
1.940000000
1.945000000
1.950000000
1.955000000
1.960000000
1.965000000
1.970000000
1.975000000
1.980000000
1.985000000
1.990000000
1.995000000
2.000000000
2.005000000
2.010000000
2.015000000
2.020000000
2.025000000
2.030000000
2.035000000
2.040000000
2.045000000
2.050000000
2.055000000
2.060000000
2.065000000
2.070000000
2.075000000
2.080000000
2.085000000
2.090000000
2.095000000
2.100000000
2.105000000
2.110000000
2.115000000
2.120000000
2.125000000
2.130000000
2.135000000
2.140000000
2.145000000
2.150000000
2.155000000
2.160000000
2.165000000
2.170000000
2.175000000
2.180000000
2.185000000
2.190000000
2.195000000
2.200000000
2.205000000
2.210000000
2.215000000
2.220000000
2.225000000
2.230000000
2.235000000
2.240000000
2.245000000
2.250000000
2.255000000
2.260000000
2.265000000
2.270000000
2.275000000
2.280000000
2.285000000
2.290000000
2.295000000
2.300000000
2.305000000
2.310000000
2.315000000
2.320000000
2.325000000
2.330000000
2.335000000
2.340000000
2.345000000
2.350000000
2.355000000
2.360000000
2.365000000
2.370000000
2.375000000
2.380000000
2.385000000
2.390000000
2.395000000
2.400000000
2.405000000
2.410000000
2.415000000
2.420000000
2.425000000
2.430000000
2.435000000
2.440000000
2.445000000
2.450000000
2.455000000
2.460000000
2.465000000
2.470000000
2.475000000
2.480000000
2.485000000
2.490000000
2.495000000
2.500000000
2.505000000
2.510000000
2.515000000
2.520000000
2.525000000
2.530000000
2.535000000
2.540000000
2.545000000
2.550000000
2.555000000
2.560000000
2.565000000
2.570000000
2.575000000
2.580000000
2.585000000
2.590000000
2.595000000
2.600000000
2.605000000
2.610000000
2.615000000
2.620000000
2.625000000
2.630000000
2.635000000
2.640000000
2.645000000
2.650000000
2.655000000
2.660000000
2.665000000
2.670000000
2.675000000
2.680000000
2.685000000
2.690000000
2.695000000
2.700000000
2.705000000
2.710000000
2.715000000
2.720000000
2.725000000
2.730000000
2.735000000
2.740000000
2.745000000
2.750000000
2.755000000
2.760000000
2.765000000
2.770000000
2.775000000
2.780000000
2.785000000
2.790000000
2.795000000
2.800000000
2.805000000
2.810000000
2.815000000
2.820000000
2.825000000
2.830000000
2.835000000
2.840000000
2.845000000
2.850000000
2.855000000
2.860000000
2.865000000
2.870000000
2.875000000
2.880000000
2.885000000
2.890000000
2.895000000
2.900000000
2.905000000
2.910000000
2.915000000
2.920000000
2.925000000
2.930000000
2.935000000
2.940000000
2.945000000
2.950000000
2.955000000
2.960000000
2.965000000
2.970000000
2.975000000
2.980000000
2.985000000
2.990000000
2.995000000
3.000000000
3.005000000
3.010000000
3.015000000
3.020000000
3.025000000
3.030000000
3.035000000
3.040000000
3.045000000
3.050000000
3.055000000
3.060000000
3.065000000
3.070000000
3.075000000
3.080000000
3.085000000
3.090000000
3.095000000
3.100000000
3.105000000
3.110000000
3.115000000
3.120000000
3.125000000
3.130000000
3.135000000
3.140000000
3.145000000
3.150000000
3.155000000
3.160000000
3.165000000
3.170000000
3.175000000
3.180000000
3.185000000
3.190000000
3.195000000
3.200000000
3.205000000
3.210000000
3.215000000
3.220000000
3.225000000
3.230000000
3.235000000
3.240000000
3.245000000
3.250000000
3.255000000
3.260000000
3.265000000
3.270000000
3.275000000
3.280000000
3.285000000
3.290000000
3.295000000
3.300000000
3.305000000
3.310000000
3.315000000
3.320000000
3.325000000
3.330000000
3.335000000
3.340000000
3.345000000
3.350000000
3.355000000
3.360000000
3.365000000
3.370000000
3.375000000
3.380000000
3.385000000
3.390000000
3.395000000
3.400000000
3.405000000
3.410000000
3.415000000
3.420000000
3.425000000
3.430000000
3.435000000
3.440000000
3.445000000
3.450000000
3.455000000
3.460000000
3.465000000
3.470000000
3.475000000
3.480000000
3.485000000
3.490000000
3.495000000
3.500000000
3.505000000
3.510000000
3.515000000
3.520000000
3.525000000
3.530000000
3.535000000
3.540000000
3.545000000
3.550000000
3.555000000
3.560000000
3.565000000
3.570000000
3.575000000
3.580000000
3.585000000
3.590000000
3.595000000
3.600000000
3.605000000
3.610000000
3.615000000
3.620000000
3.625000000
3.630000000
3.635000000
3.640000000
3.645000000
3.650000000
3.655000000
3.660000000
3.665000000
3.670000000
3.675000000
3.680000000
3.685000000
3.690000000
3.695000000
3.700000000
3.705000000
3.710000000
3.715000000
3.720000000
3.725000000
3.730000000
3.735000000
3.740000000
3.745000000
3.750000000
3.755000000
3.760000000
3.765000000
3.770000000
3.775000000
3.780000000
3.785000000
3.790000000
3.795000000
3.800000000
3.805000000
3.810000000
3.815000000
3.820000000
3.825000000
3.830000000
3.835000000
3.840000000
3.845000000
3.850000000
3.855000000
3.860000000
3.865000000
3.870000000
3.875000000
3.880000000
3.885000000
3.890000000
3.895000000
3.900000000
3.905000000
3.910000000
3.915000000
3.920000000
3.925000000
3.930000000
3.935000000
3.940000000
3.945000000
3.950000000
3.955000000
3.960000000
3.965000000
3.970000000
3.975000000
3.980000000
3.985000000
3.990000000
3.995000000
4.000000000
4.005000000
4.010000000
4.015000000
4.020000000
4.025000000
4.030000000
4.035000000
4.040000000
4.045000000
4.050000000
4.055000000
4.060000000
4.065000000
4.070000000
4.075000000
4.080000000
4.085000000
4.090000000
4.095000000
4.100000000
4.105000000
4.110000000
4.115000000
4.120000000
4.125000000
4.130000000
4.135000000
4.140000000
4.145000000
4.150000000
4.155000000
4.160000000
4.165000000
4.170000000
4.175000000
4.180000000
4.185000000
4.190000000
4.195000000
4.200000000
4.205000000
4.210000000
4.215000000
4.220000000
4.225000000
4.230000000
4.235000000
4.240000000
4.245000000
4.250000000
4.255000000
4.260000000
4.265000000
4.270000000
4.275000000
4.280000000
4.285000000
4.290000000
4.295000000
4.300000000
4.305000000
4.310000000
4.315000000
4.320000000
4.325000000
4.330000000
4.335000000
4.340000000
4.345000000
4.350000000
4.355000000
4.360000000
4.365000000
4.370000000
4.375000000
4.380000000
4.385000000
4.390000000
4.395000000
4.400000000
4.405000000
4.410000000
4.415000000
4.420000000
4.425000000
4.430000000
4.435000000
4.440000000
4.445000000
4.450000000
4.455000000
4.460000000
4.465000000
4.470000000
4.475000000
4.480000000
4.485000000
4.490000000
4.495000000
4.500000000
4.505000000
4.510000000
4.515000000
4.520000000
4.525000000
4.530000000
4.535000000
4.540000000
4.545000000
4.550000000
4.555000000
4.560000000
4.565000000
4.570000000
4.575000000
4.580000000
4.585000000
4.590000000
4.595000000
4.600000000
4.605000000
4.610000000
4.615000000
4.620000000
4.625000000
4.630000000
4.635000000
4.640000000
4.645000000
4.650000000
4.655000000
4.660000000
4.665000000
4.670000000
4.675000000
4.680000000
4.685000000
4.690000000
4.695000000
4.700000000
4.705000000
4.710000000
4.715000000
4.720000000
4.725000000
4.730000000
4.735000000
4.740000000
4.745000000
4.750000000
4.755000000
4.760000000
4.765000000
4.770000000
4.775000000
4.780000000
4.785000000
4.790000000
4.795000000
4.800000000
4.805000000
4.810000000
4.815000000
4.820000000
4.825000000
4.830000000
4.835000000
4.840000000
4.845000000
4.850000000
4.855000000
4.860000000
4.865000000
4.870000000
4.875000000
4.880000000
4.885000000
4.890000000
4.895000000
4.900000000
4.905000000
4.910000000
4.915000000
4.920000000
4.925000000
4.930000000
4.935000000
4.940000000
4.945000000
4.950000000
4.955000000
4.960000000
4.965000000
4.970000000
4.975000000
4.980000000
4.985000000
4.990000000
4.995000000
5.000000000
5.005000000
5.010000000
5.015000000
5.020000000
5.025000000
5.030000000
5.035000000
5.040000000
5.045000000
5.050000000
5.055000000
5.060000000
5.065000000
5.070000000
5.075000000
5.080000000
5.085000000
5.090000000
5.095000000
5.100000000
5.105000000
5.110000000
5.115000000
5.120000000
5.125000000
5.130000000
5.135000000
5.140000000
5.145000000
5.150000000
5.155000000
5.160000000
5.165000000
5.170000000
5.175000000
5.180000000
5.185000000
5.190000000
5.195000000
5.200000000
5.205000000
5.210000000
5.215000000
5.220000000
5.225000000
5.230000000
5.235000000
5.240000000
5.245000000
5.250000000
5.255000000
5.260000000
5.265000000
5.270000000
5.275000000
5.280000000
5.285000000
5.290000000
5.295000000
5.300000000
5.305000000
5.310000000
5.315000000
5.320000000
5.325000000
5.330000000
5.335000000
5.340000000
5.345000000
5.350000000
5.355000000
5.360000000
5.365000000
5.370000000
5.375000000
5.380000000
5.385000000
5.390000000
5.395000000
5.400000000
5.405000000
5.410000000
5.415000000
5.420000000
5.425000000
5.430000000
5.435000000
5.440000000
5.445000000
5.450000000
5.455000000
5.460000000
5.465000000
5.470000000
5.475000000
5.480000000
5.485000000
5.490000000
5.495000000
5.500000000
5.505000000
5.510000000
5.515000000
5.520000000
5.525000000
5.530000000
5.535000000
5.540000000
5.545000000
5.550000000
5.555000000
5.560000000
5.565000000
5.570000000
5.575000000
5.580000000
5.585000000
5.590000000
5.595000000
5.600000000
5.605000000
5.610000000
5.615000000
5.620000000
5.625000000
5.630000000
5.635000000
5.640000000
5.645000000
5.650000000
5.655000000
5.660000000
5.665000000
5.670000000
5.675000000
5.680000000
5.685000000
5.690000000
5.695000000
5.700000000
5.705000000
5.710000000
5.715000000
5.720000000
5.725000000
5.730000000
5.735000000
5.740000000
5.745000000
5.750000000
5.755000000
5.760000000
5.765000000
5.770000000
5.775000000
5.780000000
5.785000000
5.790000000
5.795000000
5.800000000
5.805000000
5.810000000
5.815000000
5.820000000
5.825000000
5.830000000
5.835000000
5.840000000
5.845000000
5.850000000
5.855000000
5.860000000
5.865000000
5.870000000
5.875000000
5.880000000
5.885000000
5.890000000
5.895000000
5.900000000
5.905000000
5.910000000
5.915000000
5.920000000
5.925000000
5.930000000
5.935000000
5.940000000
5.945000000
5.950000000
5.955000000
5.960000000
5.965000000
5.970000000
5.975000000
5.980000000
5.985000000
5.990000000
5.995000000
6.000000000
6.005000000
6.010000000
6.015000000
6.020000000
6.025000000
6.030000000
6.035000000
6.040000000
6.045000000
6.050000000
6.055000000
6.060000000
6.065000000
6.070000000
6.075000000
6.080000000
6.085000000
6.090000000
6.095000000
6.100000000
6.105000000
6.110000000
6.115000000
6.120000000
6.125000000
6.130000000
6.135000000
6.140000000
6.145000000
6.150000000
6.155000000
6.160000000
6.165000000
6.170000000
6.175000000
6.180000000
6.185000000
6.190000000
6.195000000
6.200000000
6.205000000
6.210000000
6.215000000
6.220000000
6.225000000
6.230000000
6.235000000
6.240000000
6.245000000
6.250000000
6.255000000
6.260000000
6.265000000
6.270000000
6.275000000
6.280000000
6.285000000
6.290000000
6.295000000
6.300000000
6.305000000
6.310000000
6.315000000
6.320000000
6.325000000
6.330000000
6.335000000
6.340000000
6.345000000
6.350000000
6.355000000
6.360000000
6.365000000
6.370000000
6.375000000
6.380000000
6.385000000
6.390000000
6.395000000
6.400000000
6.405000000
6.410000000
6.415000000
6.420000000
6.425000000
6.430000000
6.435000000
6.440000000
6.445000000
6.450000000
6.455000000
6.460000000
6.465000000
6.470000000
6.475000000
6.480000000
6.485000000
6.490000000
6.495000000
6.500000000
6.505000000
6.510000000
6.515000000
6.520000000
6.525000000
6.530000000
6.535000000
6.540000000
6.545000000
6.550000000
6.555000000
6.560000000
6.565000000
6.570000000
6.575000000
6.580000000
6.585000000
6.590000000
6.595000000
6.600000000
6.605000000
6.610000000
6.615000000
6.620000000
6.625000000
6.630000000
6.635000000
6.640000000
6.645000000
6.650000000
6.655000000
6.660000000
6.665000000
6.670000000
6.675000000
6.680000000
6.685000000
6.690000000
6.695000000
6.700000000
6.705000000
6.710000000
6.715000000
6.720000000
6.725000000
6.730000000
6.735000000
6.740000000
6.745000000
6.750000000
6.755000000
6.760000000
6.765000000
6.770000000
6.775000000
6.780000000
6.785000000
6.790000000
6.795000000
6.800000000
6.805000000
6.810000000
6.815000000
6.820000000
6.825000000
6.830000000
6.835000000
6.840000000
6.845000000
6.850000000
6.855000000
6.860000000
6.865000000
6.870000000
6.875000000
6.880000000
6.885000000
6.890000000
6.895000000
6.900000000
6.905000000
6.910000000
6.915000000
6.920000000
6.925000000
6.930000000
6.935000000
6.940000000
6.945000000
6.950000000
6.955000000
6.960000000
6.965000000
6.970000000
6.975000000
6.980000000
6.985000000
6.990000000
6.995000000
7.000000000
7.005000000
7.010000000
7.015000000
7.020000000
7.025000000
7.030000000
7.035000000
7.040000000
7.045000000
7.050000000
7.055000000
7.060000000
7.065000000
7.070000000
7.075000000
7.080000000
7.085000000
7.090000000
7.095000000
7.100000000
7.105000000
7.110000000
7.115000000
7.120000000
7.125000000
7.130000000
7.135000000
7.140000000
7.145000000
7.150000000
7.155000000
7.160000000
7.165000000
7.170000000
7.175000000
7.180000000
7.185000000
7.190000000
7.195000000
7.200000000
7.205000000
7.210000000
7.215000000
7.220000000
7.225000000
7.230000000
7.235000000
7.240000000
7.245000000
7.250000000
7.255000000
7.260000000
7.265000000
7.270000000
7.275000000
7.280000000
7.285000000
7.290000000
7.295000000
7.300000000
7.305000000
7.310000000
7.315000000
7.320000000
7.325000000
7.330000000
7.335000000
7.340000000
7.345000000
7.350000000
7.355000000
7.360000000
7.365000000
7.370000000
7.375000000
7.380000000
7.385000000
7.390000000
7.395000000
7.400000000
7.405000000
7.410000000
7.415000000
7.420000000
7.425000000
7.430000000
7.435000000
7.440000000
7.445000000
7.450000000
7.455000000
7.460000000
7.465000000
7.470000000
7.475000000
7.480000000
7.485000000
7.490000000
7.495000000
7.500000000
7.505000000
7.510000000
7.515000000
7.520000000
7.525000000
7.530000000
7.535000000
7.540000000
7.545000000
7.550000000
7.555000000
7.560000000
7.565000000
7.570000000
7.575000000
7.580000000
7.585000000
7.590000000
7.595000000
7.600000000
7.605000000
7.610000000
7.615000000
7.620000000
7.625000000
7.630000000
7.635000000
7.640000000
7.645000000
7.650000000
7.655000000
7.660000000
7.665000000
7.670000000
7.675000000
7.680000000
7.685000000
7.690000000
7.695000000
7.700000000
7.705000000
7.710000000
7.715000000
7.720000000
7.725000000
7.730000000
7.735000000
7.740000000
7.745000000
7.750000000
7.755000000
7.760000000
7.765000000
7.770000000
7.775000000
7.780000000
7.785000000
7.790000000
7.795000000
7.800000000
7.805000000
7.810000000
7.815000000
7.820000000
7.825000000
7.830000000
7.835000000
7.840000000
7.845000000
7.850000000
7.855000000
7.860000000
7.865000000
7.870000000
7.875000000
7.880000000
7.885000000
7.890000000
7.895000000
7.900000000
7.905000000
7.910000000
7.915000000
7.920000000
7.925000000
7.930000000
7.935000000
7.940000000
7.945000000
7.950000000
7.955000000
7.960000000
7.965000000
7.970000000
7.975000000
7.980000000
7.985000000
7.990000000
7.995000000
8.000000000
8.005000000
8.010000000
8.015000000
8.020000000
8.025000000
8.030000000
8.035000000
8.040000000
8.045000000
8.050000000
8.055000000
8.060000000
8.065000000
8.070000000
8.075000000
8.080000000
8.085000000
8.090000000
8.095000000
8.100000000
8.105000000
8.110000000
8.115000000
8.120000000
8.125000000
8.130000000
8.135000000
8.140000000
8.145000000
8.150000000
8.155000000
8.160000000
8.165000000
8.170000000
8.175000000
8.180000000
8.185000000
8.190000000
8.195000000
8.200000000
8.205000000
8.210000000
8.215000000
8.220000000
8.225000000
8.230000000
8.235000000
8.240000000
8.245000000
8.250000000
8.255000000
8.260000000
8.265000000
8.270000000
8.275000000
8.280000000
8.285000000
8.290000000
8.295000000
8.300000000
8.305000000
8.310000000
8.315000000
8.320000000
8.325000000
8.330000000
8.335000000
8.340000000
8.345000000
8.350000000
8.355000000
8.360000000
8.365000000
8.370000000
8.375000000
8.380000000
8.385000000
8.390000000
8.395000000
8.400000000
8.405000000
8.410000000
8.415000000
8.420000000
8.425000000
8.430000000
8.435000000
8.440000000
8.445000000
8.450000000
8.455000000
8.460000000
8.465000000
8.470000000
8.475000000
8.480000000
8.485000000
8.490000000
8.495000000
8.500000000
8.505000000
8.510000000
8.515000000
8.520000000
8.525000000
8.530000000
8.535000000
8.540000000
8.545000000
8.550000000
8.555000000
8.560000000
8.565000000
8.570000000
8.575000000
8.580000000
8.585000000
8.590000000
8.595000000
8.600000000
8.605000000
8.610000000
8.615000000
8.620000000
8.625000000
8.630000000
8.635000000
8.640000000
8.645000000
8.650000000
8.655000000
8.660000000
8.665000000
8.670000000
8.675000000
8.680000000
8.685000000
8.690000000
8.695000000
8.700000000
8.705000000
8.710000000
8.715000000
8.720000000
8.725000000
8.730000000
8.735000000
8.740000000
8.745000000
8.750000000
8.755000000
8.760000000
8.765000000
8.770000000
8.775000000
8.780000000
8.785000000
8.790000000
8.795000000
8.800000000
8.805000000
8.810000000
8.815000000
8.820000000
8.825000000
8.830000000
8.835000000
8.840000000
8.845000000
8.850000000
8.855000000
8.860000000
8.865000000
8.870000000
8.875000000
8.880000000
8.885000000
8.890000000
8.895000000
8.900000000
8.905000000
8.910000000
8.915000000
8.920000000
8.925000000
8.930000000
8.935000000
8.940000000
8.945000000
8.950000000
8.955000000
8.960000000
8.965000000
8.970000000
8.975000000
8.980000000
8.985000000
8.990000000
8.995000000
9.000000000
9.005000000
9.010000000
9.015000000
9.020000000
9.025000000
9.030000000
9.035000000
9.040000000
9.045000000
9.050000000
9.055000000
9.060000000
9.065000000
9.070000000
9.075000000
9.080000000
9.085000000
9.090000000
9.095000000
9.100000000
9.105000000
9.110000000
9.115000000
9.120000000
9.125000000
9.130000000
9.135000000
9.140000000
9.145000000
9.150000000
9.155000000
9.160000000
9.165000000
9.170000000
9.175000000
9.180000000
9.185000000
9.190000000
9.195000000
9.200000000
9.205000000
9.210000000
9.215000000
9.220000000
9.225000000
9.230000000
9.235000000
9.240000000
9.245000000
9.250000000
9.255000000
9.260000000
9.265000000
9.270000000
9.275000000
9.280000000
9.285000000
9.290000000
9.295000000
9.300000000
9.305000000
9.310000000
9.315000000
9.320000000
9.325000000
9.330000000
9.335000000
9.340000000
9.345000000
9.350000000
9.355000000
9.360000000
9.365000000
9.370000000
9.375000000
9.380000000
9.385000000
9.390000000
9.395000000
9.400000000
9.405000000
9.410000000
9.415000000
9.420000000
9.425000000
9.430000000
9.435000000
9.440000000
9.445000000
9.450000000
9.455000000
9.460000000
9.465000000
9.470000000
9.475000000
9.480000000
9.485000000
9.490000000
9.495000000
9.500000000
9.505000000
9.510000000
9.515000000
9.520000000
9.525000000
9.530000000
9.535000000
9.540000000
9.545000000
9.550000000
9.555000000
9.560000000
9.565000000
9.570000000
9.575000000
9.580000000
9.585000000
9.590000000
9.595000000
9.600000000
9.605000000
9.610000000
9.615000000
9.620000000
9.625000000
9.630000000
9.635000000
9.640000000
9.645000000
9.650000000
9.655000000
9.660000000
9.665000000
9.670000000
9.675000000
9.680000000
9.685000000
9.690000000
9.695000000
9.700000000
9.705000000
9.710000000
9.715000000
9.720000000
9.725000000
9.730000000
9.735000000
9.740000000
9.745000000
9.750000000
9.755000000
9.760000000
9.765000000
9.770000000
9.775000000
9.780000000
9.785000000
9.790000000
9.795000000
9.800000000
9.805000000
9.810000000
9.815000000
9.820000000
9.825000000
9.830000000
9.835000000
9.840000000
9.845000000
9.850000000
9.855000000
9.860000000
9.865000000
9.870000000
9.875000000
9.880000000
9.885000000
9.890000000
9.895000000
9.900000000
9.905000000
9.910000000
9.915000000
9.920000000
9.925000000
9.930000000
9.935000000
9.940000000
9.945000000
9.950000000
9.955000000
9.960000000
9.965000000
9.970000000
9.975000000
9.980000000
9.985000000
9.990000000
9.995000000
10.000000000
10.005000000
10.010000000
10.015000000
10.020000000
10.025000000
10.030000000
10.035000000
10.040000000
10.045000000
10.050000000
10.055000000
10.060000000
10.065000000
10.070000000
10.075000000
10.080000000
10.085000000
10.090000000
10.095000000
10.100000000
10.105000000
10.110000000
10.115000000
10.120000000
10.125000000
10.130000000
10.135000000
10.140000000
10.145000000
10.150000000
10.155000000
10.160000000
10.165000000
10.170000000
10.175000000
10.180000000
10.185000000
10.190000000
10.195000000
10.200000000
10.205000000
10.210000000
10.215000000
10.220000000
10.225000000
10.230000000
10.235000000
10.240000000
10.245000000
10.250000000
10.255000000
10.260000000
10.265000000
10.270000000
10.275000000
10.280000000
10.285000000
10.290000000
10.295000000
10.300000000
10.305000000
10.310000000
10.315000000
10.320000000
10.325000000
10.330000000
10.335000000
10.340000000
10.345000000
10.350000000
10.355000000
10.360000000
10.365000000
10.370000000
10.375000000
10.380000000
10.385000000
10.390000000
10.395000000
10.400000000
10.405000000
10.410000000
10.415000000
10.420000000
10.425000000
10.430000000
10.435000000
10.440000000
10.445000000
10.450000000
10.455000000
10.460000000
10.465000000
10.470000000
10.475000000
10.480000000
10.485000000
10.490000000
10.495000000
10.500000000
10.505000000
10.510000000
10.515000000
10.520000000
10.525000000
10.530000000
10.535000000
10.540000000
10.545000000
10.550000000
10.555000000
10.560000000
10.565000000
10.570000000
10.575000000
10.580000000
10.585000000
10.590000000
10.595000000
10.600000000
10.605000000
10.610000000
10.615000000
10.620000000
10.625000000
10.630000000
10.635000000
10.640000000
10.645000000
10.650000000
10.655000000
10.660000000
10.665000000
10.670000000
10.675000000
10.680000000
10.685000000
10.690000000
10.695000000
10.700000000
10.705000000
10.710000000
10.715000000
10.720000000
10.725000000
10.730000000
10.735000000
10.740000000
10.745000000
10.750000000
10.755000000
10.760000000
10.765000000
10.770000000
10.775000000
10.780000000
10.785000000
10.790000000
10.795000000
10.800000000
10.805000000
10.810000000
10.815000000
10.820000000
10.825000000
10.830000000
10.835000000
10.840000000
10.845000000
10.850000000
10.855000000
10.860000000
10.865000000
10.870000000
10.875000000
10.880000000
10.885000000
10.890000000
10.895000000
10.900000000
10.905000000
10.910000000
10.915000000
10.920000000
10.925000000
10.930000000
10.935000000
10.940000000
10.945000000
10.950000000
10.955000000
10.960000000
10.965000000
10.970000000
10.975000000
10.980000000
10.985000000
10.990000000
10.995000000
11.000000000
11.005000000
11.010000000
11.015000000
11.020000000
11.025000000
11.030000000
11.035000000
11.040000000
11.045000000
11.050000000
11.055000000
11.060000000
11.065000000
11.070000000
11.075000000
11.080000000
11.085000000
11.090000000
11.095000000
11.100000000
11.105000000
11.110000000
11.115000000
11.120000000
11.125000000
11.130000000
11.135000000
11.140000000
11.145000000
11.150000000
11.155000000
11.160000000
11.165000000
11.170000000
11.175000000
11.180000000
11.185000000
11.190000000
11.195000000
11.200000000
11.205000000
11.210000000
11.215000000
11.220000000
11.225000000
11.230000000
11.235000000
11.240000000
11.245000000
11.250000000
11.255000000
11.260000000
11.265000000
11.270000000
11.275000000
11.280000000
11.285000000
11.290000000
11.295000000
11.300000000
11.305000000
11.310000000
11.315000000
11.320000000
11.325000000
11.330000000
11.335000000
11.340000000
11.345000000
11.350000000
11.355000000
11.360000000
11.365000000
11.370000000
11.375000000
11.380000000
11.385000000
11.390000000
11.395000000
11.400000000
11.405000000
11.410000000
11.415000000
11.420000000
11.425000000
11.430000000
11.435000000
11.440000000
11.445000000
11.450000000
11.455000000
11.460000000
11.465000000
11.470000000
11.475000000
11.480000000
11.485000000
11.490000000
11.495000000
11.500000000
11.505000000
11.510000000
11.515000000
11.520000000
11.525000000
11.530000000
11.535000000
11.540000000
11.545000000
11.550000000
11.555000000
11.560000000
11.565000000
11.570000000
11.575000000
11.580000000
11.585000000
11.590000000
11.595000000
11.600000000
11.605000000
11.610000000
11.615000000
11.620000000
11.625000000
11.630000000
11.635000000
11.640000000
11.645000000
11.650000000
11.655000000
11.660000000
11.665000000
11.670000000
11.675000000
11.680000000
11.685000000
11.690000000
11.695000000
11.700000000
11.705000000
11.710000000
11.715000000
11.720000000
11.725000000
11.730000000
11.735000000
11.740000000
11.745000000
11.750000000
11.755000000
11.760000000
11.765000000
11.770000000
11.775000000
11.780000000
11.785000000
11.790000000
11.795000000
11.800000000
11.805000000
11.810000000
11.815000000
11.820000000
11.825000000
11.830000000
11.835000000
11.840000000
11.845000000
11.850000000
11.855000000
11.860000000
11.865000000
11.870000000
11.875000000
11.880000000
11.885000000
11.890000000
11.895000000
11.900000000
11.905000000
11.910000000
11.915000000
11.920000000
11.925000000
11.930000000
11.935000000
11.940000000
11.945000000
11.950000000
11.955000000
11.960000000
11.965000000
11.970000000
11.975000000
11.980000000
11.985000000
11.990000000
11.995000000
12.000000000
