0.2
0.205
0.21
0.215
0.22
0.225
0.23
0.235
0.24
0.2450000000000001
0.2500000000000001
0.2550000000000001
0.2600000000000001
0.2650000000000001
0.2700000000000001
0.2750000000000001
0.2800000000000001
0.2850000000000001
0.2900000000000001
0.2950000000000001
0.3000000000000001
0.3050000000000001
0.3100000000000001
0.3150000000000001
0.3200000000000001
0.3250000000000001
0.3300000000000001
0.3350000000000001
0.3400000000000001
0.3450000000000001
0.3500000000000001
0.3550000000000001
0.3600000000000002
0.3650000000000002
0.3700000000000002
0.3750000000000002
0.3800000000000002
0.3850000000000002
0.3900000000000002
0.3950000000000002
0.4000000000000002
0.4050000000000002
0.4100000000000002
0.4150000000000002
0.4200000000000002
0.4250000000000002
0.4300000000000002
0.4350000000000002
0.4400000000000002
0.4450000000000002
0.4500000000000002
0.4550000000000002
0.4600000000000002
0.4650000000000002
0.4700000000000003
0.4750000000000003
0.4800000000000003
0.4850000000000003
0.4900000000000003
0.4950000000000003
0.5000000000000002
0.5050000000000002
0.5100000000000002
0.5150000000000002
0.5200000000000002
0.5250000000000002
0.5300000000000002
0.5350000000000003
0.5400000000000003
0.5450000000000003
0.5500000000000003
0.5550000000000003
0.5600000000000003
0.5650000000000003
0.5700000000000003
0.5750000000000003
0.5800000000000003
0.5850000000000003
0.5900000000000003
0.5950000000000003
0.6000000000000003
0.6050000000000003
0.6100000000000003
0.6150000000000003
0.6200000000000003
0.6250000000000003
0.6300000000000003
0.6350000000000003
0.6400000000000003
0.6450000000000004
0.6500000000000004
0.6550000000000004
0.6600000000000004
0.6650000000000004
0.6700000000000004
0.6750000000000004
0.6800000000000004
0.6850000000000004
0.6900000000000004
0.6950000000000004
0.7000000000000004
0.7050000000000004
0.7100000000000004
0.7150000000000004
0.7200000000000004
0.7250000000000004
0.7300000000000004
0.7350000000000004
0.7400000000000004
0.7450000000000004
0.7500000000000004
0.7550000000000004
0.7600000000000005
0.7650000000000005
0.7700000000000005
0.7750000000000005
0.7800000000000005
0.7850000000000005
0.7900000000000005
0.7950000000000005
0.8000000000000005
0.8050000000000005
0.8100000000000005
0.8150000000000005
0.8200000000000005
0.8250000000000005
0.8300000000000005
0.8350000000000005
0.8400000000000005
0.8450000000000005
0.8500000000000005
0.8550000000000005
0.8600000000000005
0.8650000000000005
0.8700000000000006
0.8750000000000006
0.8800000000000006
0.8850000000000006
0.8900000000000006
0.8950000000000006
0.9000000000000006
0.9050000000000006
0.9100000000000006
0.9150000000000006
0.9200000000000006
0.9250000000000006
0.9300000000000006
0.9350000000000006
0.9400000000000006
0.9450000000000006
0.9500000000000006
0.9550000000000006
0.9600000000000006
0.9650000000000006
0.9700000000000006
0.9750000000000006
0.9800000000000006
0.9850000000000007
0.9900000000000007
0.9950000000000007
1.000000000000001
1.005000000000001
1.01
1.015
1.02
1.025
1.03
1.035
1.04
1.045
1.05
1.054999999999999
1.059999999999999
1.064999999999999
1.069999999999999
1.074999999999999
1.079999999999999
1.084999999999999
1.089999999999999
1.094999999999999
1.099999999999999
1.104999999999998
1.109999999999998
1.114999999999998
1.119999999999998
1.124999999999998
1.129999999999998
1.134999999999998
1.139999999999998
1.144999999999998
1.149999999999997
1.154999999999997
1.159999999999997
1.164999999999997
1.169999999999997
1.174999999999997
1.179999999999997
1.184999999999997
1.189999999999997
1.194999999999997
1.199999999999996
1.204999999999996
1.209999999999996
1.214999999999996
1.219999999999996
1.224999999999996
1.229999999999996
1.234999999999996
1.239999999999996
1.244999999999995
1.249999999999995
1.254999999999995
1.259999999999995
1.264999999999995
1.269999999999995
1.274999999999995
1.279999999999995
1.284999999999995
1.289999999999994
1.294999999999994
1.299999999999994
1.304999999999994
1.309999999999994
1.314999999999994
1.319999999999994
1.324999999999994
1.329999999999994
1.334999999999994
1.339999999999993
1.344999999999993
1.349999999999993
1.354999999999993
1.359999999999993
1.364999999999993
1.369999999999993
1.374999999999993
1.379999999999993
1.384999999999992
1.389999999999992
1.394999999999992
1.399999999999992
1.404999999999992
1.409999999999992
1.414999999999992
1.419999999999992
1.424999999999992
1.429999999999992
1.434999999999991
1.439999999999991
1.444999999999991
1.449999999999991
1.454999999999991
1.459999999999991
1.464999999999991
1.469999999999991
1.474999999999991
1.47999999999999
1.48499999999999
1.48999999999999
1.49499999999999
1.49999999999999
1.50499999999999
1.50999999999999
1.51499999999999
1.51999999999999
1.524999999999989
1.529999999999989
1.534999999999989
1.539999999999989
1.544999999999989
1.549999999999989
1.554999999999989
1.559999999999989
1.564999999999989
1.569999999999989
1.574999999999988
1.579999999999988
1.584999999999988
1.589999999999988
1.594999999999988
1.599999999999988
1.604999999999988
1.609999999999988
1.614999999999988
1.619999999999987
1.624999999999987
1.629999999999987
1.634999999999987
1.639999999999987
1.644999999999987
1.649999999999987
1.654999999999987
1.659999999999987
1.664999999999986
1.669999999999986
1.674999999999986
1.679999999999986
1.684999999999986
1.689999999999986
1.694999999999986
1.699999999999986
1.704999999999986
1.709999999999986
1.714999999999985
1.719999999999985
1.724999999999985
1.729999999999985
1.734999999999985
1.739999999999985
1.744999999999985
1.749999999999985
1.754999999999985
1.759999999999984
1.764999999999984
1.769999999999984
1.774999999999984
1.779999999999984
1.784999999999984
1.789999999999984
1.794999999999984
1.799999999999984
1.804999999999984
1.809999999999983
1.814999999999983
1.819999999999983
1.824999999999983
1.829999999999983
1.834999999999983
1.839999999999983
1.844999999999983
1.849999999999983
1.854999999999982
1.859999999999982
1.864999999999982
1.869999999999982
1.874999999999982
1.879999999999982
1.884999999999982
1.889999999999982
1.894999999999982
1.899999999999981
1.904999999999981
1.909999999999981
1.914999999999981
1.919999999999981
1.924999999999981
1.929999999999981
1.934999999999981
1.939999999999981
1.944999999999981
1.94999999999998
1.95499999999998
1.95999999999998
1.96499999999998
1.96999999999998
1.97499999999998
1.97999999999998
1.98499999999998
1.98999999999998
1.994999999999979
1.999999999999979
2.004999999999979
2.009999999999979
2.014999999999979
2.019999999999979
2.024999999999979
2.029999999999979
2.034999999999979
2.039999999999979
2.044999999999979
2.049999999999979
2.054999999999978
2.059999999999978
2.064999999999978
2.069999999999978
2.074999999999978
2.079999999999978
2.084999999999978
2.089999999999978
2.094999999999978
2.099999999999977
2.104999999999977
2.109999999999977
2.114999999999977
2.119999999999977
2.124999999999977
2.129999999999977
2.134999999999977
2.139999999999977
2.144999999999976
2.149999999999976
2.154999999999976
2.159999999999976
2.164999999999976
2.169999999999976
2.174999999999976
2.179999999999976
2.184999999999976
2.189999999999976
2.194999999999975
2.199999999999975
2.204999999999975
2.209999999999975
2.214999999999975
2.219999999999975
2.224999999999975
2.229999999999975
2.234999999999975
2.239999999999974
2.244999999999974
2.249999999999974
2.254999999999974
2.259999999999974
2.264999999999974
2.269999999999974
2.274999999999974
2.279999999999974
2.284999999999973
2.289999999999973
2.294999999999973
2.299999999999973
2.304999999999973
2.309999999999973
2.314999999999973
2.319999999999973
2.324999999999973
2.329999999999973
2.334999999999972
2.339999999999972
2.344999999999972
2.349999999999972
2.354999999999972
2.359999999999972
2.364999999999972
2.369999999999972
2.374999999999972
2.379999999999971
2.384999999999971
2.389999999999971
2.394999999999971
2.399999999999971
2.404999999999971
2.409999999999971
2.414999999999971
2.419999999999971
2.424999999999971
2.42999999999997
2.43499999999997
2.43999999999997
2.44499999999997
2.44999999999997
2.45499999999997
2.45999999999997
2.46499999999997
2.46999999999997
2.474999999999969
2.479999999999969
2.484999999999969
2.489999999999969
2.494999999999969
2.499999999999969
2.504999999999969
2.509999999999969
2.514999999999969
2.519999999999968
2.524999999999968
2.529999999999968
2.534999999999968
2.539999999999968
2.544999999999968
2.549999999999968
2.554999999999968
2.559999999999968
2.564999999999968
2.569999999999967
2.574999999999967
2.579999999999967
2.584999999999967
2.589999999999967
2.594999999999967
2.599999999999967
2.604999999999967
2.609999999999967
2.614999999999966
2.619999999999966
2.624999999999966
2.629999999999966
2.634999999999966
2.639999999999966
2.644999999999966
2.649999999999966
2.654999999999966
2.659999999999966
2.664999999999965
2.669999999999965
2.674999999999965
2.679999999999965
2.684999999999965
2.689999999999965
2.694999999999965
2.699999999999965
2.704999999999965
2.709999999999964
2.714999999999964
2.719999999999964
2.724999999999964
2.729999999999964
2.734999999999964
2.739999999999964
2.744999999999964
2.749999999999964
2.754999999999963
2.759999999999963
2.764999999999963
2.769999999999963
2.774999999999963
2.779999999999963
2.784999999999963
2.789999999999963
2.794999999999963
2.799999999999963
2.804999999999962
2.809999999999962
2.814999999999962
2.819999999999962
2.824999999999962
2.829999999999962
2.834999999999962
2.839999999999962
2.844999999999962
2.849999999999961
2.854999999999961
2.859999999999961
2.864999999999961
2.869999999999961
2.874999999999961
2.879999999999961
2.884999999999961
2.889999999999961
2.89499999999996
2.89999999999996
2.90499999999996
2.90999999999996
2.91499999999996
2.91999999999996
2.92499999999996
2.92999999999996
2.93499999999996
2.93999999999996
2.944999999999959
2.949999999999959
2.954999999999959
2.959999999999959
2.964999999999959
2.969999999999959
2.974999999999959
2.979999999999959
2.984999999999959
2.989999999999958
2.994999999999958
2.999999999999958
3.004999999999958
3.009999999999958
3.014999999999958
3.019999999999958
3.024999999999958
3.029999999999958
3.034999999999958
3.039999999999957
3.044999999999957
3.049999999999957
3.054999999999957
3.059999999999957
3.064999999999957
3.069999999999957
3.074999999999957
3.079999999999957
3.084999999999956
3.089999999999956
3.094999999999956
3.099999999999956
3.104999999999956
3.109999999999956
3.114999999999956
3.119999999999956
3.124999999999956
3.129999999999955
3.134999999999955
3.139999999999955
3.144999999999955
3.149999999999955
3.154999999999955
3.159999999999955
3.164999999999955
3.169999999999955
3.174999999999955
3.179999999999954
3.184999999999954
3.189999999999954
3.194999999999954
3.199999999999954
3.204999999999954
3.209999999999954
3.214999999999954
3.219999999999954
3.224999999999953
3.229999999999953
3.234999999999953
3.239999999999953
3.244999999999953
3.249999999999953
3.254999999999953
3.259999999999953
3.264999999999953
3.269999999999953
3.274999999999952
3.279999999999952
3.284999999999952
3.289999999999952
3.294999999999952
3.299999999999952
3.304999999999952
3.309999999999952
3.314999999999952
3.319999999999951
3.324999999999951
3.329999999999951
3.334999999999951
3.339999999999951
3.344999999999951
3.349999999999951
3.354999999999951
3.359999999999951
3.36499999999995
3.36999999999995
3.37499999999995
3.37999999999995
3.38499999999995
3.38999999999995
3.39499999999995
3.39999999999995
3.40499999999995
3.40999999999995
3.414999999999949
3.419999999999949
3.424999999999949
3.429999999999949
3.434999999999949
3.439999999999949
3.444999999999949
3.449999999999949
3.454999999999949
3.459999999999948
3.464999999999948
3.469999999999948
3.474999999999948
3.479999999999948
3.484999999999948
3.489999999999948
3.494999999999948
3.499999999999948
3.504999999999947
3.509999999999947
3.514999999999947
3.519999999999947
3.524999999999947
3.529999999999947
3.534999999999947
3.539999999999947
3.544999999999947
3.549999999999947
3.554999999999946
3.559999999999946
3.564999999999946
3.569999999999946
3.574999999999946
3.579999999999946
3.584999999999946
3.589999999999946
3.594999999999946
3.599999999999945
3.604999999999945
3.609999999999945
3.614999999999945
3.619999999999945
3.624999999999945
3.629999999999945
3.634999999999945
3.639999999999945
3.644999999999945
3.649999999999944
3.654999999999944
3.659999999999944
3.664999999999944
3.669999999999944
3.674999999999944
3.679999999999944
3.684999999999944
3.689999999999944
3.694999999999943
3.699999999999943
3.704999999999943
3.709999999999943
3.714999999999943
3.719999999999943
3.724999999999943
3.729999999999943
3.734999999999943
3.739999999999942
3.744999999999942
3.749999999999942
3.754999999999942
3.759999999999942
3.764999999999942
3.769999999999942
3.774999999999942
3.779999999999942
3.784999999999942
3.789999999999941
3.794999999999941
3.799999999999941
3.804999999999941
3.809999999999941
3.814999999999941
3.819999999999941
3.824999999999941
3.829999999999941
3.83499999999994
3.83999999999994
3.84499999999994
3.84999999999994
3.85499999999994
3.85999999999994
3.86499999999994
3.86999999999994
3.87499999999994
3.879999999999939
3.884999999999939
3.889999999999939
3.894999999999939
3.899999999999939
3.904999999999939
3.909999999999939
3.914999999999939
3.919999999999939
3.924999999999939
3.929999999999938
3.934999999999938
3.939999999999938
3.944999999999938
3.949999999999938
3.954999999999938
3.959999999999938
3.964999999999938
3.969999999999938
3.974999999999937
3.979999999999937
3.984999999999937
3.989999999999937
3.994999999999937
3.999999999999937
4.004999999999937
4.009999999999937
4.014999999999937
4.019999999999937
4.024999999999936
4.029999999999936
4.034999999999936
4.039999999999936
4.044999999999936
4.049999999999936
4.054999999999936
4.059999999999936
4.064999999999936
4.069999999999935
4.074999999999935
4.079999999999935
4.084999999999935
4.089999999999935
4.094999999999935
4.099999999999935
4.104999999999935
4.109999999999935
4.114999999999934
4.119999999999934
4.124999999999934
4.129999999999934
4.134999999999934
4.139999999999934
4.144999999999934
4.149999999999934
4.154999999999934
4.159999999999934
4.164999999999933
4.169999999999933
4.174999999999933
4.179999999999933
4.184999999999933
4.189999999999933
4.194999999999933
4.199999999999933
4.204999999999933
4.209999999999932
4.214999999999932
4.219999999999932
4.224999999999932
4.229999999999932
4.234999999999932
4.239999999999932
4.244999999999932
4.249999999999932
4.254999999999932
4.259999999999931
4.264999999999931
4.269999999999931
4.274999999999931
4.279999999999931
4.284999999999931
4.289999999999931
4.294999999999931
4.299999999999931
4.30499999999993
4.30999999999993
4.31499999999993
4.31999999999993
4.32499999999993
4.32999999999993
4.33499999999993
4.33999999999993
4.34499999999993
4.349999999999929
4.354999999999929
4.359999999999929
4.364999999999929
4.369999999999929
4.374999999999929
4.379999999999929
4.384999999999929
4.389999999999929
4.394999999999929
4.399999999999928
4.404999999999928
4.409999999999928
4.414999999999928
4.419999999999928
4.424999999999928
4.429999999999928
4.434999999999928
4.439999999999928
4.444999999999927
4.449999999999927
4.454999999999927
4.459999999999927
4.464999999999927
4.469999999999927
4.474999999999927
4.479999999999927
4.484999999999927
4.489999999999926
4.494999999999926
4.499999999999926
4.504999999999926
4.509999999999926
4.514999999999926
4.519999999999926
4.524999999999926
4.529999999999926
4.534999999999926
4.539999999999925
4.544999999999925
4.549999999999925
4.554999999999925
4.559999999999925
4.564999999999925
4.569999999999925
4.574999999999925
4.579999999999925
4.584999999999924
4.589999999999924
4.594999999999924
4.599999999999924
4.604999999999924
4.609999999999924
4.614999999999924
4.619999999999924
4.624999999999924
4.629999999999924
4.634999999999923
4.639999999999923
4.644999999999923
4.649999999999923
4.654999999999923
4.659999999999923
4.664999999999923
4.669999999999923
4.674999999999923
4.679999999999922
4.684999999999922
4.689999999999922
4.694999999999922
4.699999999999922
4.704999999999922
4.709999999999922
4.714999999999922
4.719999999999922
4.724999999999921
4.729999999999921
4.734999999999921
4.739999999999921
4.744999999999921
4.749999999999921
4.754999999999921
4.759999999999921
4.764999999999921
4.769999999999921
4.77499999999992
4.77999999999992
4.78499999999992
4.78999999999992
4.79499999999992
4.79999999999992
4.80499999999992
4.80999999999992
4.81499999999992
4.819999999999919
4.824999999999919
4.829999999999919
4.834999999999919
4.839999999999919
4.844999999999919
4.849999999999919
4.854999999999919
4.859999999999919
4.864999999999919
4.869999999999918
4.874999999999918
4.879999999999918
4.884999999999918
4.889999999999918
4.894999999999918
4.899999999999918
4.904999999999918
4.909999999999918
4.914999999999917
4.919999999999917
4.924999999999917
4.929999999999917
4.934999999999917
4.939999999999917
4.944999999999917
4.949999999999917
4.954999999999917
4.959999999999916
4.964999999999916
4.969999999999916
4.974999999999916
4.979999999999916
4.984999999999916
4.989999999999916
4.994999999999916
4.999999999999916
5.004999999999916
5.009999999999915
5.014999999999915
5.019999999999915
5.024999999999915
5.029999999999915
5.034999999999915
5.039999999999915
5.044999999999915
5.049999999999915
5.054999999999914
5.059999999999914
5.064999999999914
5.069999999999914
5.074999999999914
5.079999999999914
5.084999999999914
5.089999999999914
5.094999999999914
5.099999999999913
5.104999999999913
5.109999999999913
5.114999999999913
5.119999999999913
5.124999999999913
5.129999999999913
5.134999999999913
5.139999999999913
5.144999999999913
5.149999999999912
5.154999999999912
5.159999999999912
5.164999999999912
5.169999999999912
5.174999999999912
5.179999999999912
5.184999999999912
5.189999999999912
5.194999999999911
5.199999999999911
5.204999999999911
5.209999999999911
5.214999999999911
5.219999999999911
5.224999999999911
5.229999999999911
5.234999999999911
5.239999999999911
5.24499999999991
5.24999999999991
5.25499999999991
5.25999999999991
5.26499999999991
5.26999999999991
5.27499999999991
5.27999999999991
5.28499999999991
5.289999999999909
5.294999999999909
5.299999999999909
5.304999999999909
5.309999999999909
5.314999999999909
5.319999999999909
5.324999999999909
5.329999999999909
5.334999999999908
5.339999999999908
5.344999999999908
5.349999999999908
5.354999999999908
5.359999999999908
5.364999999999908
5.369999999999908
5.374999999999908
5.379999999999908
5.384999999999907
5.389999999999907
5.394999999999907
5.399999999999907
5.404999999999907
5.409999999999907
5.414999999999907
5.419999999999907
5.424999999999907
5.429999999999906
5.434999999999906
5.439999999999906
5.444999999999906
5.449999999999906
5.454999999999906
5.459999999999906
5.464999999999906
5.469999999999906
5.474999999999905
5.479999999999905
5.484999999999905
5.489999999999905
5.494999999999905
5.499999999999905
5.504999999999905
5.509999999999905
5.514999999999905
5.519999999999905
5.524999999999904
5.529999999999904
5.534999999999904
5.539999999999904
5.544999999999904
5.549999999999904
5.554999999999904
5.559999999999904
5.564999999999904
5.569999999999903
5.574999999999903
5.579999999999903
5.584999999999903
5.589999999999903
5.594999999999903
5.599999999999903
5.604999999999903
5.609999999999903
5.614999999999903
5.619999999999902
5.624999999999902
5.629999999999902
5.634999999999902
5.639999999999902
5.644999999999902
5.649999999999902
5.654999999999902
5.659999999999902
5.664999999999901
5.669999999999901
5.674999999999901
5.679999999999901
5.684999999999901
5.689999999999901
5.694999999999901
5.699999999999901
5.704999999999901
5.7099999999999
5.7149999999999
5.7199999999999
5.7249999999999
5.7299999999999
5.7349999999999
5.7399999999999
5.7449999999999
5.7499999999999
5.7549999999999
5.759999999999899
5.764999999999899
5.769999999999899
5.774999999999899
5.779999999999899
5.784999999999899
5.789999999999899
5.794999999999899
5.799999999999899
5.804999999999898
5.809999999999898
5.814999999999898
5.819999999999898
5.824999999999898
5.829999999999898
5.834999999999898
5.839999999999898
5.844999999999898
5.849999999999898
5.854999999999897
5.859999999999897
5.864999999999897
5.869999999999897
5.874999999999897
5.879999999999897
5.884999999999897
5.889999999999897
5.894999999999897
5.899999999999896
5.904999999999896
5.909999999999896
5.914999999999896
5.919999999999896
5.924999999999896
5.929999999999896
5.934999999999896
5.939999999999896
5.944999999999895
5.949999999999895
5.954999999999895
5.959999999999895
5.964999999999895
5.969999999999895
5.974999999999895
5.979999999999895
5.984999999999895
5.989999999999895
5.994999999999894
5.999999999999894
6.004999999999894
6.009999999999894
6.014999999999894
6.019999999999894
6.024999999999894
6.029999999999894
6.034999999999894
6.039999999999893
6.044999999999893
6.049999999999893
6.054999999999893
6.059999999999893
6.064999999999893
6.069999999999893
6.074999999999893
6.079999999999893
6.084999999999892
6.089999999999892
6.094999999999892
6.099999999999892
6.104999999999892
6.109999999999892
6.114999999999892
6.119999999999892
6.124999999999892
6.129999999999892
6.134999999999891
6.139999999999891
6.144999999999891
6.149999999999891
6.154999999999891
6.159999999999891
6.164999999999891
6.169999999999891
6.174999999999891
6.17999999999989
6.18499999999989
6.18999999999989
6.19499999999989
6.19999999999989
6.20499999999989
6.20999999999989
6.21499999999989
6.21999999999989
6.22499999999989
6.229999999999889
6.234999999999889
6.239999999999889
6.244999999999889
6.249999999999889
6.254999999999889
6.259999999999889
6.264999999999889
6.269999999999889
6.274999999999888
6.279999999999888
6.284999999999888
6.289999999999888
6.294999999999888
6.299999999999888
6.304999999999888
6.309999999999888
6.314999999999888
6.319999999999887
6.324999999999887
6.329999999999887
6.334999999999887
6.339999999999887
6.344999999999887
6.349999999999887
6.354999999999887
6.359999999999887
6.364999999999887
6.369999999999886
6.374999999999886
6.379999999999886
6.384999999999886
6.389999999999886
6.394999999999886
6.399999999999886
6.404999999999886
6.409999999999886
6.414999999999885
6.419999999999885
6.424999999999885
6.429999999999885
6.434999999999885
6.439999999999885
6.444999999999885
6.449999999999885
6.454999999999885
6.459999999999885
6.464999999999884
6.469999999999884
6.474999999999884
6.479999999999884
6.484999999999884
6.489999999999884
6.494999999999884
6.499999999999884
6.504999999999884
6.509999999999883
6.514999999999883
6.519999999999883
6.524999999999883
6.529999999999883
6.534999999999883
6.539999999999883
6.544999999999883
6.549999999999883
6.554999999999882
6.559999999999882
6.564999999999882
6.569999999999882
6.574999999999882
6.579999999999882
6.584999999999882
6.589999999999882
6.594999999999882
6.599999999999882
6.604999999999881
6.609999999999881
6.614999999999881
6.619999999999881
6.624999999999881
6.629999999999881
6.634999999999881
6.639999999999881
6.644999999999881
6.64999999999988
6.65499999999988
6.65999999999988
6.66499999999988
6.66999999999988
6.67499999999988
6.67999999999988
6.68499999999988
6.68999999999988
6.694999999999879
6.699999999999879
6.704999999999879
6.709999999999879
6.714999999999879
6.719999999999879
6.724999999999879
6.729999999999879
6.734999999999879
6.739999999999879
6.744999999999878
6.749999999999878
6.754999999999878
6.759999999999878
6.764999999999878
6.769999999999878
6.774999999999878
6.779999999999878
6.784999999999878
6.789999999999877
6.794999999999877
6.799999999999877
6.804999999999877
6.809999999999877
6.814999999999877
6.819999999999877
6.824999999999877
6.829999999999877
6.834999999999877
6.839999999999876
6.844999999999876
6.849999999999876
6.854999999999876
6.859999999999876
6.864999999999876
6.869999999999876
6.874999999999876
6.879999999999876
6.884999999999875
6.889999999999875
6.894999999999875
6.899999999999875
6.904999999999875
6.909999999999875
6.914999999999875
6.919999999999875
6.924999999999875
6.929999999999874
6.934999999999874
6.939999999999874
6.944999999999874
6.949999999999874
6.954999999999874
6.959999999999874
6.964999999999874
6.969999999999874
6.974999999999874
6.979999999999873
6.984999999999873
6.989999999999873
6.994999999999873
6.999999999999873
7.004999999999873
7.009999999999873
7.014999999999873
7.019999999999873
7.024999999999872
7.029999999999872
7.034999999999872
7.039999999999872
7.044999999999872
7.049999999999872
7.054999999999872
7.059999999999872
7.064999999999872
7.069999999999871
7.074999999999871
7.079999999999871
7.084999999999871
7.089999999999871
7.094999999999871
7.099999999999871
7.104999999999871
7.109999999999871
7.114999999999871
7.11999999999987
7.12499999999987
7.12999999999987
7.13499999999987
7.13999999999987
7.14499999999987
7.14999999999987
7.15499999999987
7.15999999999987
7.164999999999869
7.169999999999869
7.174999999999869
7.179999999999869
7.184999999999869
7.189999999999869
7.194999999999869
7.199999999999869
7.204999999999869
7.209999999999869
7.214999999999868
7.219999999999868
7.224999999999868
7.229999999999868
7.234999999999868
7.239999999999868
7.244999999999868
7.249999999999868
7.254999999999868
7.259999999999867
7.264999999999867
7.269999999999867
7.274999999999867
7.279999999999867
7.284999999999867
7.289999999999867
7.294999999999867
7.299999999999867
7.304999999999866
7.309999999999866
7.314999999999866
7.319999999999866
7.324999999999866
7.329999999999866
7.334999999999866
7.339999999999866
7.344999999999866
7.349999999999866
7.354999999999865
7.359999999999865
7.364999999999865
7.369999999999865
7.374999999999865
7.379999999999865
7.384999999999865
7.389999999999865
7.394999999999865
7.399999999999864
7.404999999999864
7.409999999999864
7.414999999999864
7.419999999999864
7.424999999999864
7.429999999999864
7.434999999999864
7.439999999999864
7.444999999999864
7.449999999999863
7.454999999999863
7.459999999999863
7.464999999999863
7.469999999999863
7.474999999999863
7.479999999999863
7.484999999999863
7.489999999999863
7.494999999999862
7.499999999999862
7.504999999999862
7.509999999999862
7.514999999999862
7.519999999999862
7.524999999999862
7.529999999999862
7.534999999999862
7.539999999999861
7.544999999999861
7.549999999999861
7.554999999999861
7.559999999999861
7.564999999999861
7.569999999999861
7.574999999999861
7.579999999999861
7.584999999999861
7.58999999999986
7.59499999999986
7.59999999999986
7.60499999999986
7.60999999999986
7.61499999999986
7.61999999999986
7.62499999999986
7.62999999999986
7.634999999999859
7.639999999999859
7.644999999999859
7.649999999999859
7.654999999999859
7.659999999999859
7.664999999999859
7.669999999999859
7.674999999999859
7.679999999999858
7.684999999999858
7.689999999999858
7.694999999999858
7.699999999999858
7.704999999999858
7.709999999999858
7.714999999999858
7.719999999999858
7.724999999999858
7.729999999999857
7.734999999999857
7.739999999999857
7.744999999999857
7.749999999999857
7.754999999999857
7.759999999999857
7.764999999999857
7.769999999999857
7.774999999999856
7.779999999999856
7.784999999999856
7.789999999999856
7.794999999999856
7.799999999999856
7.804999999999856
7.809999999999856
7.814999999999856
7.819999999999856
7.824999999999855
7.829999999999855
7.834999999999855
7.839999999999855
7.844999999999855
7.849999999999855
7.854999999999855
7.859999999999855
7.864999999999855
7.869999999999854
7.874999999999854
7.879999999999854
7.884999999999854
7.889999999999854
7.894999999999854
7.899999999999854
7.904999999999854
7.909999999999854
7.914999999999853
7.919999999999853
7.924999999999853
7.929999999999853
7.934999999999853
7.939999999999853
7.944999999999853
7.949999999999853
7.954999999999853
7.959999999999853
7.964999999999852
7.969999999999852
7.974999999999852
7.979999999999852
7.984999999999852
7.989999999999852
7.994999999999852
7.999999999999852
8.004999999999852
8.009999999999852
8.014999999999853
8.019999999999854
8.024999999999855
8.029999999999855
8.034999999999856
8.039999999999857
8.044999999999858
8.049999999999859
8.054999999999859
8.05999999999986
8.064999999999861
8.069999999999862
8.074999999999863
8.079999999999863
8.084999999999864
8.089999999999865
8.094999999999866
8.099999999999866
8.104999999999867
8.109999999999868
8.114999999999869
8.11999999999987
8.12499999999987
8.129999999999871
8.134999999999872
8.139999999999873
8.144999999999873
8.149999999999874
8.154999999999875
8.159999999999876
8.164999999999877
8.169999999999877
8.174999999999878
8.179999999999879
8.18499999999988
8.18999999999988
8.194999999999881
8.199999999999882
8.204999999999883
8.209999999999884
8.214999999999884
8.219999999999885
8.224999999999886
8.229999999999887
8.234999999999888
8.239999999999888
8.244999999999889
8.24999999999989
8.254999999999891
8.259999999999891
8.264999999999892
8.269999999999893
8.274999999999894
8.279999999999895
8.284999999999895
8.289999999999896
8.294999999999897
8.299999999999898
8.304999999999898
8.309999999999899
8.3149999999999
8.319999999999901
8.324999999999902
8.329999999999902
8.334999999999903
8.339999999999904
8.344999999999905
8.349999999999905
8.354999999999906
8.359999999999907
8.364999999999908
8.369999999999909
8.374999999999909
8.37999999999991
8.384999999999911
8.389999999999912
8.394999999999913
8.399999999999913
8.404999999999914
8.409999999999915
8.414999999999916
8.419999999999916
8.424999999999917
8.429999999999918
8.434999999999919
8.43999999999992
8.44499999999992
8.449999999999921
8.454999999999922
8.459999999999923
8.464999999999923
8.469999999999924
8.474999999999925
8.479999999999926
8.484999999999927
8.489999999999927
8.494999999999928
8.499999999999929
8.50499999999993
8.509999999999931
8.514999999999931
8.519999999999932
8.524999999999933
8.529999999999934
8.534999999999934
8.539999999999935
8.544999999999936
8.549999999999937
8.554999999999938
8.559999999999938
8.564999999999939
8.56999999999994
8.574999999999941
8.579999999999941
8.584999999999942
8.589999999999943
8.594999999999944
8.599999999999945
8.604999999999945
8.609999999999946
8.614999999999947
8.619999999999948
8.624999999999948
8.629999999999949
8.63499999999995
8.639999999999951
8.644999999999952
8.649999999999952
8.654999999999953
8.659999999999954
8.664999999999955
8.669999999999956
8.674999999999956
8.679999999999957
8.684999999999958
8.689999999999959
8.694999999999959
8.69999999999996
8.704999999999961
8.709999999999962
8.714999999999963
8.719999999999963
8.724999999999964
8.729999999999965
8.734999999999966
8.739999999999966
8.744999999999967
8.749999999999968
8.754999999999969
8.75999999999997
8.76499999999997
8.769999999999971
8.774999999999972
8.779999999999973
8.784999999999973
8.789999999999974
8.794999999999975
8.799999999999976
8.804999999999977
8.809999999999977
8.814999999999978
8.819999999999979
8.82499999999998
8.829999999999981
8.834999999999981
8.839999999999982
8.844999999999983
8.849999999999984
8.854999999999984
8.859999999999985
8.864999999999986
8.869999999999987
8.874999999999988
8.879999999999988
8.884999999999989
8.88999999999999
8.894999999999991
8.899999999999991
8.904999999999992
8.909999999999993
8.914999999999994
8.919999999999995
8.924999999999995
8.929999999999996
8.934999999999997
8.939999999999998
8.944999999999999
8.949999999999999
8.955
8.960000000000001
8.965000000000002
8.970000000000002
8.975000000000003
8.980000000000004
8.985000000000005
8.990000000000006
8.995000000000006
9.000000000000007
9.005000000000008
9.010000000000009
9.015000000000009
9.02000000000001
9.025000000000011
9.030000000000012
9.035000000000013
9.040000000000013
9.045000000000014
9.050000000000015
9.055000000000016
9.060000000000016
9.065000000000017
9.070000000000018
9.075000000000019
9.08000000000002
9.08500000000002
9.090000000000021
9.095000000000022
9.100000000000023
9.105000000000024
9.110000000000024
9.115000000000025
9.120000000000026
9.125000000000027
9.130000000000027
9.135000000000028
9.140000000000029
9.14500000000003
9.150000000000031
9.155000000000031
9.160000000000032
9.165000000000033
9.170000000000034
9.175000000000034
9.180000000000035
9.185000000000036
9.190000000000037
9.195000000000038
9.200000000000038
9.205000000000039
9.21000000000004
9.215000000000041
9.220000000000041
9.225000000000042
9.230000000000043
9.235000000000044
9.240000000000045
9.245000000000045
9.250000000000046
9.255000000000047
9.260000000000048
9.265000000000049
9.270000000000049
9.27500000000005
9.280000000000051
9.285000000000052
9.290000000000052
9.295000000000053
9.300000000000054
9.305000000000055
9.310000000000056
9.315000000000056
9.320000000000057
9.325000000000058
9.330000000000059
9.335000000000059
9.34000000000006
9.345000000000061
9.350000000000062
9.355000000000063
9.360000000000063
9.365000000000064
9.370000000000065
9.375000000000066
9.380000000000067
9.385000000000067
9.390000000000068
9.395000000000069
9.40000000000007
9.40500000000007
9.410000000000071
9.415000000000072
9.420000000000073
9.425000000000074
9.430000000000074
9.435000000000075
9.440000000000076
9.445000000000077
9.450000000000077
9.455000000000078
9.460000000000079
9.46500000000008
9.470000000000081
9.475000000000081
9.480000000000082
9.485000000000083
9.490000000000084
9.495000000000084
9.500000000000085
9.505000000000086
9.510000000000087
9.515000000000088
9.520000000000088
9.525000000000089
9.53000000000009
9.535000000000091
9.540000000000092
9.545000000000092
9.550000000000093
9.555000000000094
9.560000000000095
9.565000000000095
9.570000000000096
9.575000000000097
9.580000000000098
9.585000000000099
9.590000000000099
9.5950000000001
9.600000000000101
9.605000000000102
9.610000000000102
9.615000000000103
9.620000000000104
9.625000000000105
9.630000000000106
9.635000000000106
9.640000000000107
9.645000000000108
9.650000000000109
9.655000000000109
9.66000000000011
9.665000000000111
9.670000000000112
9.675000000000113
9.680000000000113
9.685000000000114
9.690000000000115
9.695000000000116
9.700000000000117
9.705000000000117
9.710000000000118
9.715000000000119
9.72000000000012
9.72500000000012
9.730000000000121
9.735000000000122
9.740000000000123
9.745000000000124
9.750000000000124
9.755000000000125
9.760000000000126
9.765000000000127
9.770000000000127
9.775000000000128
9.780000000000129
9.78500000000013
9.790000000000131
9.795000000000131
9.800000000000132
9.805000000000133
9.810000000000134
9.815000000000135
9.820000000000135
9.825000000000136
9.830000000000137
9.835000000000138
9.840000000000138
9.845000000000139
9.85000000000014
9.855000000000141
9.860000000000142
9.865000000000142
9.870000000000143
9.875000000000144
9.880000000000145
9.885000000000145
9.890000000000146
9.895000000000147
9.900000000000148
9.905000000000149
9.910000000000149
9.91500000000015
9.920000000000151
9.925000000000152
9.930000000000152
9.935000000000153
9.940000000000154
9.945000000000155
9.950000000000156
9.955000000000156
9.960000000000157
9.965000000000158
9.970000000000159
9.97500000000016
9.98000000000016
9.985000000000161
9.990000000000162
9.995000000000163
10.00000000000016
10.00500000000016
10.01000000000016
10.01500000000017
10.02000000000017
10.02500000000017
10.03000000000017
10.03500000000017
10.04000000000017
10.04500000000017
10.05000000000017
10.05500000000017
10.06000000000017
10.06500000000017
10.07000000000017
10.07500000000018
10.08000000000018
10.08500000000018
10.09000000000018
10.09500000000018
10.10000000000018
10.10500000000018
10.11000000000018
10.11500000000018
10.12000000000018
10.12500000000018
10.13000000000018
10.13500000000018
10.14000000000019
10.14500000000019
10.15000000000019
10.15500000000019
10.16000000000019
10.16500000000019
10.17000000000019
10.17500000000019
10.18000000000019
10.18500000000019
10.19000000000019
10.19500000000019
10.20000000000019
10.2050000000002
10.2100000000002
10.2150000000002
10.2200000000002
10.2250000000002
10.2300000000002
10.2350000000002
10.2400000000002
10.2450000000002
10.2500000000002
10.2550000000002
10.2600000000002
10.2650000000002
10.27000000000021
10.27500000000021
10.28000000000021
10.28500000000021
10.29000000000021
10.29500000000021
10.30000000000021
10.30500000000021
10.31000000000021
10.31500000000021
10.32000000000021
10.32500000000021
10.33000000000022
10.33500000000022
10.34000000000022
10.34500000000022
10.35000000000022
10.35500000000022
10.36000000000022
10.36500000000022
10.37000000000022
10.37500000000022
10.38000000000022
10.38500000000022
10.39000000000022
10.39500000000023
10.40000000000023
10.40500000000023
10.41000000000023
10.41500000000023
10.42000000000023
10.42500000000023
10.43000000000023
10.43500000000023
10.44000000000023
10.44500000000023
10.45000000000023
10.45500000000023
10.46000000000024
10.46500000000024
10.47000000000024
10.47500000000024
10.48000000000024
10.48500000000024
10.49000000000024
10.49500000000024
10.50000000000024
10.50500000000024
10.51000000000024
10.51500000000024
10.52000000000024
10.52500000000025
10.53000000000025
10.53500000000025
10.54000000000025
10.54500000000025
10.55000000000025
10.55500000000025
10.56000000000025
10.56500000000025
10.57000000000025
10.57500000000025
10.58000000000025
10.58500000000025
10.59000000000026
10.59500000000026
10.60000000000026
10.60500000000026
10.61000000000026
10.61500000000026
10.62000000000026
10.62500000000026
10.63000000000026
10.63500000000026
10.64000000000026
10.64500000000026
10.65000000000027
10.65500000000027
10.66000000000027
10.66500000000027
10.67000000000027
10.67500000000027
10.68000000000027
10.68500000000027
10.69000000000027
10.69500000000027
10.70000000000027
10.70500000000027
10.71000000000027
10.71500000000028
10.72000000000028
10.72500000000028
10.73000000000028
10.73500000000028
10.74000000000028
10.74500000000028
10.75000000000028
10.75500000000028
10.76000000000028
10.76500000000028
10.77000000000028
10.77500000000028
10.78000000000029
10.78500000000029
10.79000000000029
10.79500000000029
10.80000000000029
10.80500000000029
10.81000000000029
10.81500000000029
10.82000000000029
10.82500000000029
10.83000000000029
10.83500000000029
10.84000000000029
10.8450000000003
10.8500000000003
10.8550000000003
10.8600000000003
10.8650000000003
10.8700000000003
10.8750000000003
10.8800000000003
10.8850000000003
10.8900000000003
10.8950000000003
10.9000000000003
10.9050000000003
10.91000000000031
10.91500000000031
10.92000000000031
10.92500000000031
10.93000000000031
10.93500000000031
10.94000000000031
10.94500000000031
10.95000000000031
10.95500000000031
10.96000000000031
10.96500000000031
10.97000000000032
10.97500000000032
10.98000000000032
10.98500000000032
10.99000000000032
10.99500000000032
11.00000000000032
11.00500000000032
11.01000000000032
11.01500000000032
11.02000000000032
11.02500000000032
11.03000000000032
11.03500000000033
11.04000000000033
11.04500000000033
11.05000000000033
11.05500000000033
11.06000000000033
11.06500000000033
11.07000000000033
11.07500000000033
11.08000000000033
11.08500000000033
11.09000000000033
11.09500000000033
11.10000000000034
11.10500000000034
11.11000000000034
11.11500000000034
11.12000000000034
11.12500000000034
11.13000000000034
11.13500000000034
11.14000000000034
11.14500000000034
11.15000000000034
11.15500000000034
11.16000000000034
11.16500000000035
11.17000000000035
11.17500000000035
11.18000000000035
11.18500000000035
11.19000000000035
11.19500000000035
11.20000000000035
11.20500000000035
11.21000000000035
11.21500000000035
11.22000000000035
11.22500000000035
11.23000000000036
11.23500000000036
11.24000000000036
11.24500000000036
11.25000000000036
11.25500000000036
11.26000000000036
11.26500000000036
11.27000000000036
11.27500000000036
11.28000000000036
11.28500000000036
11.29000000000037
11.29500000000037
11.30000000000037
11.30500000000037
11.31000000000037
11.31500000000037
11.32000000000037
11.32500000000037
11.33000000000037
11.33500000000037
11.34000000000037
11.34500000000037
11.35000000000037
11.35500000000038
11.36000000000038
11.36500000000038
11.37000000000038
11.37500000000038
11.38000000000038
11.38500000000038
11.39000000000038
11.39500000000038
11.40000000000038
11.40500000000038
11.41000000000038
11.41500000000038
11.42000000000039
11.42500000000039
11.43000000000039
11.43500000000039
11.44000000000039
11.44500000000039
11.45000000000039
11.45500000000039
11.46000000000039
11.46500000000039
11.47000000000039
11.47500000000039
11.48000000000039
11.4850000000004
11.4900000000004
11.4950000000004
11.5000000000004
11.5050000000004
11.5100000000004
11.5150000000004
11.5200000000004
11.5250000000004
11.5300000000004
11.5350000000004
11.5400000000004
11.5450000000004
11.55000000000041
11.55500000000041
11.56000000000041
11.56500000000041
11.57000000000041
11.57500000000041
11.58000000000041
11.58500000000041
11.59000000000041
11.59500000000041
11.60000000000041
11.60500000000041
11.61000000000042
11.61500000000042
11.62000000000042
11.62500000000042
11.63000000000042
11.63500000000042
11.64000000000042
11.64500000000042
11.65000000000042
11.65500000000042
11.66000000000042
11.66500000000042
11.67000000000042
11.67500000000043
11.68000000000043
11.68500000000043
11.69000000000043
11.69500000000043
11.70000000000043
11.70500000000043
11.71000000000043
11.71500000000043
11.72000000000043
11.72500000000043
11.73000000000043
11.73500000000043
11.74000000000044
11.74500000000044
11.75000000000044
11.75500000000044
11.76000000000044
11.76500000000044
11.77000000000044
11.77500000000044
11.78000000000044
11.78500000000044
11.79000000000044
11.79500000000044
11.80000000000044
11.80500000000045
11.81000000000045
11.81500000000045
11.82000000000045
11.82500000000045
11.83000000000045
11.83500000000045
11.84000000000045
11.84500000000045
11.85000000000045
11.85500000000045
11.86000000000045
11.86500000000045
11.87000000000046
11.87500000000046
11.88000000000046
11.88500000000046
11.89000000000046
11.89500000000046
11.90000000000046
11.90500000000046
11.91000000000046
11.91500000000046
11.92000000000046
11.92500000000046
11.93000000000047
11.93500000000047
11.94000000000047
11.94500000000047
11.95000000000047
11.95500000000047
11.96000000000047
11.96500000000047
11.97000000000047
11.97500000000047
11.98000000000047
11.98500000000047
11.99000000000047
11.99500000000048
11.99999999999979
