2.198592756995598
2.091909215767687
1.988497603155078
1.888299529220252
1.791256604025682
1.697310437633843
1.606402640107208
1.518474821508252
1.433468591899451
1.351325561343277
1.271987339902206
1.195395537637682
1.121491764607021
1.050217630866511
0.9815147464724389
0.9153247214810918
0.8515891659487566
0.7902496899317201
0.7312479034862689
0.6745254166686905
0.6200238395352712
0.5676815405481098
0.5174239217925497
0.4691731437597452
0.4228513669408512
0.3783807518270226
0.3356834589094139
0.2946816486791801
0.2552974816274756
0.2174531182454554
0.1810707190242742
0.1460724444477249
0.112380454970153
0.07991691103854272
0.04860397309987763
0.01836380160114175
-0.01088144301068106
-0.0392096002886068
-0.06669850978565166
-0.09342601105483174
-0.1194699436491632
-0.1448968015209623
-0.1697276962197451
-0.193972393694328
-0.2176406598935271
-0.2407422607661587
-0.2632869622610392
-0.2852845303269845
-0.3067447309128112
-0.3276773299673356
-0.3480920934393738
-0.3679987872777419
-0.3874071774312564
-0.4063270298487333
-0.424768110478989
-0.4427401852708401
-0.4602530201731026
-0.4773163811345921
-0.4939400341041257
-0.5101337450305194
-0.5259072798625893
-0.5412704988798287
-0.5562336396844372
-0.5708070342092909
-0.5850010143872664
-0.5988259121512399
-0.612292059434088
-0.6254097881686873
-0.6381894302879138
-0.650641317724644
-0.6627757824117542
-0.674603156282121
-0.6861337712686206
-0.6973779593041295
-0.7083460523215241
-0.719048382253681
-0.7294952810334761
-0.739697080593786
-0.7496641128674872
-0.7594067097874564
-0.7689352032865696
-0.7782587882523434
-0.7873821113908551
-0.796308682362823
-0.805042010828965
-0.8135856064499989
-0.8219429788866426
-0.8301176377996137
-0.8381130928496302
-0.8459328536974101
-0.8535804300036711
-0.8610593314291312
-0.8683730676345079
-0.8755251482805195
-0.8825190830278837
-0.8893583815373184
-0.8960465534695413
-0.9025871084852706
-0.9089835562452238
-0.9152394064101185
-0.921358168640673
-0.9273432572288886
-0.9331977049918988
-0.9389244493781209
-0.9445264278359722
-0.9500065778138695
-0.9553678367602302
-0.960613142123471
-0.9657454313520097
-0.9707676418942631
-0.975682711198648
-0.9804933527029368
-0.9852013838023209
-0.9898085295110688
-0.9943170413623368
-0.9987292428675788
-1.003047218932546
-1.007272987787545
-1.011408539566799
-1.01545583775302
-1.019416767318946
-1.023293178787753
-1.027086863394326
-1.030799582418003
-1.034433036604232
-1.037988897939886
-1.041468783911446
-1.044874285139158
-1.04820693927875
-1.051468258584436
-1.054659706668926
-1.05778272324219
-1.060838701044756
-1.063829010329608
-1.066754978369022
-1.069617911288165
-1.072419073604506
-1.075159709661466
-1.07784102471399
-1.080464205235307
-1.083030401660257
-1.085540746474296
-1.087996336403743
-1.090398251252695
-1.092747538895515
-1.095045231343358
-1.097292329084291
-1.099489817356132
-1.101638651918792
-1.103739774271383
-1.105794098347738
-1.107802524500127
-1.109765926319851
-1.111685164485258
-1.11356107478385
-1.115394480861505
-1.117186182688455
-1.118936968589376
-1.120647603982387
-1.122318843384441
-1.123951420614368
-1.125546058994212
-1.127103460556991
-1.12862431736396
-1.13010930287836
-1.131559081212184
-1.132974297670452
-1.134355588562917
-1.135703573025243
-1.137018861650405
-1.138302048034712
-1.139553717565497
-1.140774439790837
-1.141964776637416
-1.143125275385593
-1.144256475885284
-1.14535890291096
-1.146433074205256
-1.147479494458914
-1.148498661670456
-1.149491060121433
-1.150457167645155
-1.15139744999894
-1.152312366930563
-1.153202366225637
-1.154067889786448
-1.154909367944173
-1.155727225448865
-1.156521876297196
-1.157293729193654
-1.158043182427356
-1.158770629287291
-1.159476453477299
-1.160161033618927
-1.160824737589677
-1.16146792909637
-1.162090965907135
-1.162694199930128
-1.163277965572322
-1.163842598351249
-1.164388455727888
-1.164915870705843
-1.165425056515777
-1.165916261356846
-1.166389993075125
-1.166846733099647
-1.167286597544365
-1.167709676097813
-1.16811631806193
-1.168506908232371
-1.168881713766251
-1.16924097814624
-1.169584967795762
-1.169913951342311
-1.170228183288895
-1.170527913746697
-1.170813389384083
-1.171084854357653
-1.171342546219758
-1.171586699586639
-1.171817543934354
-1.172035306123455
-1.172240207692643
-1.172432467595224
-1.172612299764766
-1.172779915733393
-1.172935522447202
-1.173079324421747
-1.173211521036432
-1.17333230941928
-1.173441882828936
-1.173540432325466
-1.173628144043996
-1.173705201992101
-1.173771786592096
-1.173828076301824
-1.173874245306522
-1.1739104657672
-1.173936906020561
-1.17395373258969
-1.173961108567498
-1.173959195214979
-1.173948149895648
-1.173928128311186
-1.173899283413451
-1.173861766455421
-1.173815724644378
-1.173761303534334
-1.173698646111895
-1.173627893925642
-1.173549185339473
-1.173462657109412
-1.173368442744682
-1.173266674307829
-1.173157481321503
-1.173040992011736
-1.172917331958015
-1.172786625359714
-1.172648993542302
-1.172504556523315
-1.172353431962444
-1.172195736262027
-1.172031583152843
-1.171861085231961
-1.171684353233175
-1.171501496711416
-1.171312622369439
-1.171117835764951
-1.170917240727634
-1.170710940096231
-1.170499034473756
-1.170281623322023
-1.170058803773802
-1.16983067201758
-1.169597322793771
-1.169358849886108
-1.16911534469966
-1.168866897660509
-1.168613597657467
-1.168355532701967
-1.16809278883319
-1.167825451203044
-1.167553603386576
-1.167277328131416
-1.166996706452377
-1.166711818557319
-1.166422743159094
-1.166129558150011
-1.165832339635227
-1.165531162934016
-1.165226102009278
-1.164917230162983
-1.16460461940975
-1.164288341068805
-1.163968464965142
-1.163645060116264
-1.163318193803956
-1.162987932735351
-1.162654343054693
-1.162317490262323
-1.161977437845854
-1.161634248567441
-1.161287984300136
-1.160938706459096
-1.160586475517006
-1.160231351249956
-1.159873391590128
-1.159512653963254
-1.159149195613165
-1.158783073256094
-1.158414341679781
-1.158043055038806
-1.157669266883636
-1.157293030324945
-1.156914397318394
-1.156533419336936
-1.156150147077721
-1.155764630733505
-1.155376919255277
-1.154987061094301
-1.154595103944726
-1.154201095129018
-1.153805081240044
-1.153407108357306
-1.153007221236462
-1.152605464183493
-1.152201881029523
-1.151796515292778
-1.15138940971477
-1.15098060661326
-1.150570147387748
-1.150158072945609
-1.149744423144
-1.149329237607308
-1.148912556079069
-1.148494417851017
-1.1480748602885
-1.147653920421869
-1.147231635867836
-1.146808043909932
-1.14638317991262
-1.145957078908073
-1.145529776518396
-1.145101308028014
-1.144671706780708
-1.144241005803259
-1.143809238795099
-1.143376439186332
-1.142942638657112
-1.142507868531896
-1.142072160462293
-1.141635545917037
-1.141198055306184
-1.14075971862701
-1.14032056528433
-1.139880624516971
-1.139439925492271
-1.138998497079298
-1.138556367025555
-1.138113562812591
-1.137670111979723
-1.137226041803127
-1.136781378448679
-1.136336147899719
-1.135890376519768
-1.135444090414584
-1.134997314278696
-1.134550072520008
-1.134102389811164
-1.133654290729063
-1.133205799202879
-1.132756938831396
-1.132307732539547
-1.131858203044582
-1.131408372906868
-1.130958264597898
-1.130507900390551
-1.130057302245886
-1.129606491076298
-1.129155487630332
-1.128704313049816
-1.128252988318781
-1.127801533396805
-1.127349968038486
-1.126898312202973
-1.12644658570212
-1.125994807554027
-1.125542996570968
-1.125091171535667
-1.124639351076447
-1.124187553233597
-1.123735795870821
-1.123284096733526
-1.122832473427854
-1.122380943121156
-1.121929522839447
-1.121478229482192
-1.121027079778465
-1.120576089902338
-1.120125275850771
-1.119674653467299
-1.119224238474287
-1.118774046262859
-1.118324092135971
-1.117874391375127
-1.11742495911074
-1.116975809890285
-1.1165269580788
-1.116078417894522
-1.115630203436524
-1.115182328474022
-1.114734806685325
-1.114287651714975
-1.113840877065304
-1.113394495703563
-1.112948520506757
-1.112502964525975
-1.112057840690515
-1.111613161268397
-1.111168938355075
-1.110725184017013
-1.110281910257737
-1.109839128858013
-1.109396851522924
-1.108955089877579
-1.108513855412759
-1.108073159161901
-1.107633012021443
-1.107193424797163
-1.10675440822717
-1.106315972869552
-1.105878129190077
-1.105440887465254
-1.10500425790854
-1.104568250670456
-1.104132875746039
-1.103698142571342
-1.103264060517392
-1.102830639254101
-1.102397888366965
-1.101965816804918
-1.101534433419979
-1.101103747313064
-1.100673767559095
-1.100244502880145
-1.099815961826085
-1.099388152610856
-1.09896108341356
-1.098534762609886
-1.098109198512068
-1.097684398981929
-1.097260371794953
-1.096837124831676
-1.096414665881449
-1.095993002263821
-1.095572141249429
-1.095152090383054
-1.094732857121319
-1.094314448294068
-1.093896870632695
-1.093480131101555
-1.093064236646975
-1.092649193910207
-1.092235009453069
-1.091821689824716
-1.091409241535068
-1.090997670949774
-1.090586984295849
-1.090177187390071
-1.089768286017965
-1.089360286250303
-1.088953194171482
-1.08854701563516
-1.088141756346741
-1.087737421649335
-1.087334016840455
-1.086931547397518
-1.086530018753587
-1.086129435984402
-1.08572980413872
-1.085331128514681
-1.084933414313075
-1.084536666095891
-1.084140888343297
-1.083746085846956
-1.083352263449965
-1.082959425889645
-1.082567577779773
-1.082176723345728
-1.081786866755629
-1.081398012336975
-1.08101016439483
-1.080623326985153
-1.080237504060888
-1.079852699412033
-1.079468916888075
-1.079086160739387
-1.078704435081413
-1.07832374308898
-1.077944087917157
-1.077565473582584
-1.077187904065877
-1.076811382341969
-1.076435911299658
-1.076061494488901
-1.075688135465208
-1.075315837145154
-1.074944602384225
-1.074574434432493
-1.074205336528826
-1.073837311472691
-1.073470361919459
-1.073104490387516
-1.072739699482836
-1.072375992298737
-1.072013371847278
-1.071651840328125
-1.071291399803401
-1.070932052597447
-1.070573801166037
-1.070216648228474
-1.069860596366241
-1.069505647345992
-1.069151802856127
-1.068799065086847
-1.068447436306085
-1.068096918590905
-1.067747513911069
-1.067399223998027
-1.067052050559678
-1.066705995448079
-1.066361060466751
-1.066017247080923
-1.065674556723505
-1.065332991036424
-1.064992551714417
-1.064653240454445
-1.064315058774546
-1.063978007474851
-1.063642087393366
-1.063307300237504
-1.062973647742098
-1.062641130882267
-1.062309750485568
-1.061979507549008
-1.061650403132436
-1.061322438377587
-1.060995614322415
-1.060669931507868
-1.060345390702174
-1.060021994079714
-1.059699742509511
-1.059378630232994
-1.059058656610746
-1.058739848107565
-1.058422221266983
-1.058105725843293
-1.057790317406667
-1.057476041580043
-1.057162949644095
-1.056851025457679
-1.056540243057651
-1.056230604614708
-1.055922117428946
-1.055614781184226
-1.055308594117956
-1.055003556297973
-1.054699668198351
-1.054396930087688
-1.054095342056081
-1.05379490368511
-1.053495614614112
-1.05319747522198
-1.052900485835071
-1.052604645830036
-1.052309954485921
-1.052016411641023
-1.051724017201622
-1.051432770786674
-1.051142671965814
-1.050853720398732
-1.050565915749408
-1.050279257608937
-1.049993745475565
-1.049709378549028
-1.049426156021167
-1.049144077350746
-1.048863141995966
-1.048583349145832
-1.04830469799951
-1.048027188066021
-1.047750818814294
-1.047475589243056
-1.047201498251222
-1.046928544808678
-1.046656727949633
-1.046386046894624
-1.046116500831698
-1.045848088632635
-1.045580809109833
-1.045314661154451
-1.045049643677313
-1.044785755589143
-1.044522995779718
-1.044261363055109
-1.044000856158855
-1.043741473668072
-1.043483214180621
-1.043226076543764
-1.042970059584319
-1.042715161797911
-1.042461381616208
-1.042208717546241
-1.041957168121317
-1.041706731904483
-1.041457407417641
-1.041209192988361
-1.040962086957526
-1.040716087913606
-1.040471194432965
-1.040227404795945
-1.039984717193005
-1.039743129751106
-1.039502640593837
-1.039263247894814
-1.03902494993101
-1.038787745342799
-1.038551632610497
-1.038316609210789
-1.038082672657232
-1.03784982161451
-1.037618054759873
-1.037387369669692
-1.037157763833217
-1.03692923549206
-1.036701782973778
-1.036475404197344
-1.036250096950078
-1.036025858901271
-1.035802687785879
-1.035580581719566
-1.035359538810964
-1.035139556759885
-1.034920633223544
-1.034702766097573
-1.034485953199986
-1.0342701917999
-1.034055479268497
-1.033841813934138
-1.033629194044524
-1.033417616567561
-1.033207078441707
-1.032997577767436
-1.032789112718654
-1.032581680601034
-1.032375278580923
-1.03216990413563
-1.031965554851302
-1.031762228438493
-1.031559922561711
-1.031358634576894
-1.031158361665309
-1.030959100618105
-1.030760848846159
-1.030563606629396
-1.030367372068483
-1.030172131678039
-1.029977879819959
-1.029784653831305
-1.029592461714279
-1.029401151156465
-1.02921067958762
-1.02902160372079
-1.028834070510205
-1.028645988591551
-1.028456045518599
-1.028268282836021
-1.02808628629995
-1.027906464521468
-1.027724770347723
-1.027542510715166
-1.027361771403593
-1.027182399476869
-1.027003832259725
-1.026826106836276
-1.026649370149146
-1.026473608815569
-1.026298780006974
-1.026124883436931
-1.025951926618746
-1.025779905722542
-1.025608814915296
-1.025438651694586
-1.025269414020834
-1.025101098375245
-1.024933701140787
-1.024767219786703
-1.024601651837333
-1.02443699395114
-1.024273242664425
-1.024110394890739
-1.023948447602165
-1.023787397627683
-1.023627241809287
-1.023467977184154
-1.02330960080385
-1.023152109582334
-1.022995500362976
-1.022839769844406
-1.02268491474321
-1.022530931992552
-1.022377818524348
-1.022225571048955
-1.022074186263753
-1.021923661035797
-1.02177399228528
-1.02162517697526
-1.021477211994225
-1.021330093889525
-1.021183819203648
-1.021038384800777
-1.020893787638424
-1.020750024725707
-1.020607092949868
-1.020464988659037
-1.020323708217089
-1.02018324859
-1.020043606801948
-1.019904779507829
-1.019766763363974
-1.019629555401758
-1.019493152588594
-1.019357551261018
-1.019222747759964
-1.01908873907484
-1.018955522241419
-1.018823093832459
-1.018691450355858
-1.018560588523107
-1.018430505133756
-1.018301197136017
-1.018172661440707
-1.01804489466042
-1.017917893344253
-1.017791654085549
-1.017666173519024
-1.017541448400638
-1.017417475509357
-1.01729425159492
-1.017171773398674
-1.017050037657624
-1.016929041119339
-1.016808780577986
-1.016689252793871
-1.016570454345236
-1.016452381810221
-1.01633503194861
-1.016218401554467
-1.016102487377337
-1.015987286154743
-1.015872794620651
-1.015759009522312
-1.015645927663664
-1.015533545804955
-1.015421860474997
-1.015310868236494
-1.015200566019157
-1.015090950785302
-1.014982019260645
-1.014873768131602
-1.014766194163963
-1.014659294123133
-1.014553064693614
-1.014447502600742
-1.014342604814102
-1.014238368265316
-1.014134789489927
-1.014031865009475
-1.013929591685594
-1.01382796647387
-1.013726986365606
-1.013626648240293
-1.013526948494464
-1.013427883627942
-1.013329451036672
-1.013231648065251
-1.013134470956733
-1.013037915931297
-1.012941980219149
-1.01284666119336
-1.012751955788422
-1.012657860765255
-1.012564372629057
-1.012471487936459
-1.012379203705554
-1.012287517047269
-1.012196424982417
-1.012105924484033
-1.01201601242415
-1.01192668564808
-1.011837940995253
-1.011749775334805
-1.011662185660567
-1.011575168999488
-1.011488722386273
-1.011402842818676
-1.011317527138883
-1.011232772178817
-1.011148574884918
-1.011064932281626
-1.010981841590892
-1.010899299982907
-1.010817304223322
-1.010735851081817
-1.010654937748722
-1.010574561450016
-1.010494719133613
-1.010415407725812
-1.010336624344508
-1.010258366158414
-1.010180630347924
-1.01010341403677
-1.010026714110377
-1.009950527504981
-1.009874851598382
-1.009799683746786
-1.009725020778459
-1.00965085955723
-1.009577197617121
-1.009504032496494
-1.009431361080886
-1.009359180202904
-1.009287487136269
-1.009216279237074
-1.009145553749786
-1.009075307892316
-1.009005538887957
-1.008936243983872
-1.008867420517295
-1.008799065756558
-1.008731176604315
-1.008663750089888
-1.008596784114954
-1.008530276518053
-1.008464224012826
-1.008398623313424
-1.008333472260955
-1.008268768757534
-1.008204509822376
-1.008140692355135
-1.008077313660119
-1.008014371208869
-1.007951862737211
-1.007889785931593
-1.007828138016683
-1.007766916122417
-1.007706117461567
-1.007645739425223
-1.007585780034894
-1.007526237193559
-1.007467107699689
-1.007408388397532
-1.007350077418987
-1.007292172956343
-1.007234672155815
-1.007177572001263
-1.007120869873205
-1.007064563366185
-1.007008650534187
-1.006953129362449
-1.006897997101789
-1.006843250938983
-1.006788888539045
-1.006734907641914
-1.006681305808982
-1.006628080615992
-1.00657522987463
-1.006522751389258
-1.006470642699021
-1.006418901357989
-1.006367525245184
-1.006316512187491
-1.006265859478309
-1.006215564480993
-1.006165625372222
-1.006116040352323
-1.00606680690291
-1.006017922466302
-1.005969385046361
-1.005921192655471
-1.005873342778558
-1.005825832905755
-1.005778661075491
-1.00573182542184
-1.005685323913146
-1.005639154379978
-1.005593314267508
-1.005547801101387
-1.005502613114563
-1.005457748605861
-1.0054132054303
-1.005368981348924
-1.005325074190703
-1.005281481844613
-1.00523820237176
-1.005195233812172
-1.005152573949457
-1.005110220591506
-1.005068171899779
-1.005026426084664
-1.004984981198714
-1.004943835199468
-1.00490298582225
-1.004862430883506
-1.00482216874637
-1.004782197794512
-1.004742515947063
-1.004703121084889
-1.004664011400315
-1.004625185093206
-1.004586640082113
-1.004548374293787
-1.004510385969097
-1.004472673433983
-1.004435235040547
-1.004398069042821
-1.004361173276389
-1.004324545634128
-1.004288184656557
-1.004252088878077
-1.004216256160981
-1.004180684334732
-1.004145371769592
-1.004110316973251
-1.004075518462322
-1.004040974611527
-1.004006683219102
-1.003972642138417
-1.003938850019864
-1.003905305560191
-1.003872006844535
-1.003838951967488
-1.003806139673051
-1.003773568621069
-1.003741236485342
-1.003709141016848
-1.003677281261337
-1.003645656289992
-1.00361426398097
-1.003583102158507
-1.00355216962417
-1.003521465244784
-1.003490987170869
-1.003460733470839
-1.003430702600998
-1.003400893155808
-1.003371303894489
-1.003341933480721
-1.003312780031273
-1.00328384165691
-1.003255116991278
-1.003226604787789
-1.003198303756031
-1.003170212508533
-1.003142329313405
-1.003114652458228
-1.003087180652874
-1.0030599126266
-1.003032846763905
-1.003005981477283
-1.002979315635968
-1.002952848102828
-1.002926577258532
-1.002900501481213
-1.002874619621066
-1.00284893054479
-1.002823432713039
-1.002798124522987
-1.002773004523922
-1.002748071377556
-1.002723324043183
-1.002698761468881
-1.002674382260291
-1.002650184955485
-1.002626168164715
-1.002602330529708
-1.002578670745925
-1.002555187575485
-1.002531879993391
-1.002508746926551
-1.00248578689658
-1.00246299842584
-1.002440380444965
-1.002417931929705
-1.002395651628011
-1.002373538231618
-1.00235159043519
-1.002329806988144
-1.002308186855969
-1.002286728966368
-1.002265431879821
-1.002244294253224
-1.002223315496372
-1.002202494921271
-1.002181830695891
-1.002161321033027
-1.002140965468812
-1.002120763582883
-1.00210071380556
-1.002080814473316
-1.002061064696566
-1.002041463667598
-1.002022010132259
-1.002002702852744
-1.001983541103069
-1.001964524134994
-1.001945650599426
-1.001926919094954
-1.00190832861176
-1.001889878246547
-1.001871567130499
-1.001853394396041
-1.001835359146074
-1.00181746024702
-1.001799695648912
-1.001782064121456
-1.001764568629445
-1.001747209345456
-1.001729971078103
-1.0017128438602
-1.001695853985313
-1.001679024767436
-1.001662331341506
-1.001645745661564
-1.001629275137111
-1.001612932505815
-1.001596716362559
-1.001580622545449
-1.001564650008278
-1.00154879840377
-1.001533067064698
-1.001517455159955
-1.001501961522866
-1.001486585068727
-1.0014713253763
-1.001456181985718
-1.00144115361914
-1.00142623894634
-1.001411437245518
-1.001396747918047
-1.001382170249574
-1.001367703460433
-1.001353346625444
-1.001339098832494
-1.001324959367263
-1.001310927528467
-1.00129700246917
-1.001283183277225
-1.0012694689253
-1.001255858508865
-1.001242351729789
-1.001228948238938
-1.001215646876776
-1.001202446439968
-1.001189346360396
-1.001176346171131
-1.001163445174784
-1.001150642563008
-1.001137937314081
-1.001125328498925
-1.001112815772419
-1.001100398779819
-1.001088076543939
-1.001075848033435
-1.001063712622774
-1.001051669787678
-1.001039719003062
-1.001027859642993
-1.00101609067894
-1.001004411134518
-1.000992820644544
-1.000981318861112
-1.000969904894227
-1.000958577857768
-1.000947337423206
-1.000936183229368
-1.000925114226918
-1.000914129368243
-1.000903228300795
-1.000892410697768
-1.000881675640271
-1.000871022229711
-1.000860450240781
-1.000849959466231
-1.00083954909776
-1.000829218234534
-1.000818966206641
-1.00080879244624
-1.000798696562859
-1.000788678100269
-1.000778736161848
-1.000768869886927
-1.000759078999042
-1.000749363268676
-1.000739722069875
-1.000730154677962
-1.000720660369783
-1.000711238520148
-1.000701888894198
-1.000692611213945
-1.000683404638555
-1.000674268276745
-1.000665201598289
-1.000656204192878
-1.000647275768833
-1.00063841598024
-1.000629624145622
-1.000620899555518
-1.000612241724091
-1.000603650206674
-1.000595124499672
-1.000586664087837
-1.000578268468255
-1.000569937143722
-1.000561669627541
-1.000553465422106
-1.000545323975684
-1.000537244774511
-1.000529227510841
-1.000521271860946
-1.000513377231167
-1.000505543053789
-1.000497769134818
-1.000490055192449
-1.000482400219947
-1.000474803285849
-1.000467264484712
-1.000459783947812
-1.000452360927266
-1.000444994578054
-1.000437684545766
-1.000430430577824
-1.000423232338367
-1.000416089431345
-1.000409001303225
-1.000401967414404
-1.000394987438493
-1.000388061053563
-1.000381187742327
-1.000374366955715
-1.000367598212884
-1.000360881280662
-1.000354216848318
-1.000347604771234
-1.000341040646785
-1.00033452278524
-1.00032806460644
-1.000321669762547
-1.000315287725437
-1.000308904449811
-1.000302706001934
-1.000296828986089
-1.000291012047038
-1.00028489433966
-1.000278115018837
-1.000270486769727
-1.000262516398587
-1.000254884241953
-1.000248270636359
-1.000243129986736
-1.000239012971606
-1.000235244337888
-1.0002311488325
-1.000226218945372
-1.000220618138471
-1.000214677616776
-1.000208728585266
-1.000203032192856
-1.000197569364214
-1.000192250967946
-1.000186987872657
-1.000181709709442
-1.000176421159348
-1.000171145665914
-1.000165906672677
-1.000160722613656
-1.000155591884802
-1.000150507872548
-1.000145463963326
-1.000140454866027
-1.000135480579362
-1.0001305424245
-1.000125641722611
-1.00012077946768
-1.000115955344969
-1.00011116871256
-1.000106418928531
-1.000101705415358
-1.000097027853094
-1.000092385986188
-1.000087779559089
-1.000083208323409
-1.000078672059417
-1.000074170554544
-1.000069703596221
-1.000065270957202
-1.000060872351522
-1.000056507478533
-1.000052176037591
-1.000047877732793
-1.000043612287194
-1.000039379428595
-1.000035178884795
-1.000031010394934
-1.00002687374352
-1.000022768726403
-1.000018695139431
-1.000014652775221
-1.00001064141346
-1.0000066608306
-1.000002710803094
-0.9999987910933584
-0.9999949014076687
-0.9999910414382629
-0.9999872108773792
-0.9999834094453842
-0.9999796369751424
-0.9999758933276457
-0.9999721783638874
-0.9999684919245172
-0.999964833768819
-0.9999612036357366
-0.9999576012642112
-0.9999540263995511
-0.9999504788125286
-0.9999469582802825
-0.9999434645799488
-0.9999399974991682
-0.9999365568675948
-0.9999331425253852
-0.9999297543126963
-0.999926392052471
-0.9999230554988008
-0.9999197443885643
-0.9999164584586397
-0.9999131974726665
-0.9999099613013271
-0.9999067498420661
-0.9999035629923272
-0.9999004006221395
-0.9998972624918705
-0.9998941483344715
-0.9998910578828946
-0.9998879908904919
-0.9998849471922183
-0.999881926643429
-0.9998789290994791
-0.999875954408412
-0.9998730023890228
-0.9998700728527961
-0.9998671656112152
-0.9998642804846115
-0.9998614173287036
-0.9998585760080588
-0.999855756387243
-0.9998529583183713
-0.9998501816037524
-0.9998474260332421
-0.999844691396697
-0.9998419774936829
-0.9998392841626049
-0.9998366112515767
-0.9998339586087135
-0.9998313260869934
-0.9998287135588445
-0.9998261209015599
-0.9998235479924316
-0.9998209946952149
-0.99981846081952
-0.9998159461614191
-0.9998134505169849
-0.9998109737004651
-0.999808515598806
-0.9998060761171313
-0.9998036551605622
-0.9998012526254727
-0.9997988683732365
-0.9997965022564805
-0.99979415412783
-0.9997918238399109
-0.9997895112453492
-0.9997872161967716
-0.9997849385468027
-0.9997826781480686
-0.9997804348531952
-0.9997782085148086
-0.9997759989855347
-0.9997738061225511
-0.9997716298012433
-0.9997694699015496
-0.9997673263034063
-0.9997651988918024
-0.9997630875719398
-0.9997609922540714
-0.999758912848449
-0.9997568492511152
-0.9997548013012798
-0.9997527688239433
-0.999750751644105
-0.9997487496072968
-0.9997467626411825
-0.9997447906939565
-0.9997428337138139
-0.9997408916279028
-0.9997389642791876
-0.9997370514895856
-0.9997351530810145
-0.9997332688921703
-0.9997313988288565
-0.9997295428136554
-0.9997277007691496
-0.9997258726185707
-0.9997240582877567
-0.9997222577031937
-0.9997204707913681
-0.9997186974587418
-0.9997169375316859
-0.9997151908165449
-0.9997134571196651
-0.999711736279799
-0.9997100282653305
-0.999708333077051
-0.9997066507157516
-0.9997049811507422
-0.9997033242254034
-0.9997016797516346
-0.999700047541334
-0.9996984274374219
-0.9996968194068998
-0.9996952234477918
-0.9996936395581201
-0.9996920677058085
-0.9996905077383749
-0.9996889594732387
-0.9996874227278193
-0.9996858973464177
-0.9996843832808627
-0.9996828805098659
-0.9996813890121373
-0.9996799087514611
-0.9996784396319118
-0.9996769815426365
-0.9996755343727832
-0.9996740980130763
-0.999672672360548
-0.9996712573138077
-0.9996698527714649
-0.9996684586407485
-0.9996670748633644
-0.9996657013896368
-0.9996643381698911
-0.999662985149828
-0.9996616422566602
-0.999660309412977
-0.9996589865413672
-0.9996576735593907
-0.9996563703644941
-0.9996550768490944
-0.9996537929056084
-0.9996525184357462
-0.9996512533783928
-0.9996499976817256
-0.9996487512939222
-0.999647514162265
-0.9996462862304574
-0.9996450674413074
-0.9996438577376245
-0.9996426570565012
-0.9996414653121776
-0.999640282413177
-0.9996391082680232
-0.9996379427933666
-0.9996367859383621
-0.9996356376602896
-0.9996344979164319
-0.9996333666529045
-0.9996322437711592
-0.9996311291614831
-0.9996300227141631
-0.9996289243403971
-0.9996278340350314
-0.9996267518138223
-0.9996256776925269
-0.9996246116612969
-0.9996235536078577
-0.9996225033943303
-0.9996214608828353
-0.9996204259545065
-0.9996193985665269
-0.9996183786950924
-0.9996173663164012
-0.999616361402914
-0.999615363912151
-0.9996143737978974
-0.9996133910139369
-0.9996124155093208
-0.9996114472141648
-0.9996104860538506
-0.9996095319537611
-0.999608584846157
-0.9996076446908208
-0.9996067114544134
-0.9996057851035962
-0.9996048655978715
-0.999603952868094
-0.9996030468379602
-0.999602147431165
-0.9996012545775436
-0.9996003682314865
-0.9995994883535244
-0.9995986149041873
-0.9995977478422343
-0.9995968871193445
-0.9995960326854253
-0.9995951844903848
-0.9995943424850721
-0.9995935066241086
-0.9995926768630556
-0.9995918531574773
-0.9995910354609365
-0.9995902237189979
-0.999589417875227
-0.9995886178731893
-0.9995878236635057
-0.9995870352250203
-0.999586252543633
-0.999585475605241
-0.9995847043851458
-0.9995839388162576
-0.9995831788208895
-0.9995824243213526
-0.9995816752441702
-0.9995809315327089
-0.999580193134545
-0.9995794599972571
-0.9995787320783018
-0.9995780093746575
-0.9995772918931822
-0.9995765796407339
-0.999575872611814
-0.9995751707514994
-0.9995744739925115
-0.9995737822675691
-0.9995730955176892
-0.9995724137170664
-0.99957173684819
-0.9995710648935527
-0.999570397830447
-0.9995697356153672
-0.9995690781996105
-0.9995684255344741
-0.9995677775525065
-0.9995671341112575
-0.9995664950495282
-0.9995658602061209
-0.9995652295469075
-0.9995646035460446
-0.9995639828047607
-0.999563367924282
-0.9995627590006769
-0.9995621541093732
-0.9995615508206407
-0.9995609467047464
-0.9995603412099023
-0.9995597412960949
-0.9995591558012521
-0.9995585935633028
-0.9995580564291864
-0.9995575182818893
-0.9995569460134072
-0.9995563065157378
-0.9995555834074707
-0.9995548272135678
-0.9995541051855855
-0.9995534845750786
-0.9995530102024219
-0.9995526371632609
-0.9995522981220603
-0.9995519257432838
-0.9995514694238623
-0.9995509454905914
-0.9995503870027328
-0.9995498270195486
-0.9995492916172438
-0.9995487789397876
-0.9995482801480925
-0.9995477864030713
-0.9995472907216525
-0.9995467935448331
-0.9995462971696255
-0.9995458038930435
-0.9995453155242167
-0.9995448319207382
-0.9995443524523169
-0.9995438764886642
-0.9995434035262578
-0.9995429335686521
-0.9995424667461671
-0.9995420031891268
-0.9995415429930371
-0.9995410861141403
-0.9995406324738617
-0.9995401819936286
-0.9995397346073625
-0.9995392902989646
-0.9995388490648327
-0.9995384109013634
-0.9995379758054145
-0.9995375437756855
-0.9995371148113366
-0.9995366889115282
-0.9995362660610601
-0.9995358461872877
-0.9995354292032066
-0.999535015021812
-0.9995346035817386
-0.9995341949241742
-0.9995337891159466
-0.9995333862238839
-0.9995329862890963
-0.9995325892498225
-0.9995321950185857
-0.999531803507907
-0.9995314146450406
-0.9995310284161665
-0.9995306448221971
-0.9995302638640435
-0.9995298855406587
-0.99952950984316
-0.9995291367607061
-0.999528766282455
-0.9995283983906693
-0.9995280330400271
-0.9995276701783109
-0.9995273097533054
-0.9995269517267119
-0.999526596115899
-0.9995262429521519
-0.9995258922667586
-0.9995255440734828
-0.9995251983159953
-0.9995248549204437
-0.9995245138129759
-0.9995241749602907
-0.9995238384912867
-0.9995235045754128
-0.9995231733821199
-0.9995228449986799
-0.9995225191836518
-0.9995221956134159
-0.9995218739643548
-0.9995215539783471
-0.9995212356592649
-0.9995209190764778
-0.9995206042993553
-0.9995202913972664
-0.9995199804395813
-0.9995196714956688
-0.9995193646348993
-0.9995190599266417
-0.9995187574402659
-0.9995184572260492
-0.9995181592578961
-0.9995178634906201
-0.9995175698790334
-0.9995172783779467
-0.9995169889421749
-0.9995167015265304
-0.9995164160858253
-0.9995161325748722
-0.9995158509484836
-0.9995155711675788
-0.9995152932175033
-0.9995150170897088
-0.9995147427756476
-0.9995144702667714
-0.9995141995545318
-0.9995139306303814
-0.9995136634857719
-0.9995133981121554
-0.9995131345009837
-0.9995128726433747
-0.9995126125291142
-0.9995123541476536
-0.9995120974884444
-0.9995118425409375
-0.9995115892945843
-0.9995113377388367
-0.9995110878631461
-0.9995108396569636
-0.9995105931097408
-0.9995103482101563
-0.9995101049437974
-0.9995098632954778
-0.9995096232500117
-0.9995093847922134
-0.9995091479068972
-0.9995089125788769
-0.9995086787929667
-0.9995084465339806
-0.9995082157867331
-0.999507986537463
-0.999507758778109
-0.9995075325020353
-0.9995073077026059
-0.9995070843731848
-0.9995068625071357
-0.9995066420978221
-0.9995064231386084
-0.9995062056228584
-0.9995059895439358
-0.9995057748942775
-0.9995055616626123
-0.9995053498367431
-0.9995051394044721
-0.9995049303536012
-0.9995047226719327
-0.9995045163472686
-0.9995043113674111
-0.9995041077201622
-0.9995039053933245
-0.9995037043749829
-0.9995035046543539
-0.9995033062209364
-0.9995031090642297
-0.9995029131737332
-0.9995027185389463
-0.9995025251493681
-0.9995023329944973
-0.999502142063834
-0.9995019523468771
-0.9995017638339211
-0.9995015765184433
-0.9995013903947166
-0.9995012054570139
-0.9995010216996078
-0.9995008391167702
-0.9995006577027751
-0.9995004774518946
-0.9995002983584019
-0.9995001204165689
-0.9994999436202031
-0.9994997679612518
-0.9994995934311971
-0.9994994200215206
-0.9994992477237038
-0.9994990765292284
-0.999498906429576
-0.9994987374162282
-0.9994985694806672
-0.9994984026143745
-0.9994982368088935
-0.9994980720560135
-0.9994979083475856
-0.9994977456754608
-0.9994975840314904
-0.9994974234075255
-0.9994972637954171
-0.9994971051870167
-0.9994969475741751
-0.9994967909487429
-0.9994966353027765
-0.9994964806291512
-0.9994963269209464
-0.9994961741712424
-0.9994960223731189
-0.9994958715196556
-0.9994957216039324
-0.9994955726190287
-0.9994954245580249
-0.9994952774140009
-0.9994951311801524
-0.9994949858501379
-0.9994948414177308
-0.9994946978767061
-0.9994945552208384
-0.9994944134439016
-0.9994942725396697
-0.9994941325019174
-0.999493993324419
-0.9994938550009483
-0.9994937175256122
-0.9994935808938464
-0.9994934451014188
-0.9994933101440968
-0.9994931760176482
-0.9994930427178411
-0.9994929102404433
-0.9994927785812225
-0.9994926477359464
-0.9994925177003831
-0.9994923884698556
-0.9994922600379079
-0.9994921323976388
-0.999492005542148
-0.9994918794645349
-0.9994917541578985
-0.999491629615338
-0.9994915058299527
-0.9994913827948418
-0.999491260503105
-0.9994911389482876
-0.9994910181257231
-0.9994908980311916
-0.999490778660473
-0.9994906600093474
-0.9994905420735947
-0.9994904248489946
-0.9994903083313276
-0.9994901925163732
-0.9994900773999117
-0.99948996297738
-0.9994898492428466
-0.9994897361900374
-0.999489623812678
-0.999489512104494
-0.9994894010592109
-0.9994892906705544
-0.9994891809322501
-0.9994890718380239
-0.9994889633816016
-0.9994888555576316
-0.9994887483644528
-0.9994886418013276
-0.9994885358675181
-0.9994884305622869
-0.9994883258848956
-0.9994882218346065
-0.999488118410682
-0.999488015612384
-0.999487913438975
-0.9994878118883683
-0.9994877109530831
-0.9994876106242894
-0.9994875108931586
-0.9994874117508605
-0.9994873131885658
-0.9994872151974445
-0.9994871177686682
-0.9994870208934066
-0.9994869245628301
-0.9994868287695807
-0.9994867335121881
-0.9994866387906529
-0.9994865446049755
-0.9994864509551565
-0.9994863578411965
-0.9994862652630968
-0.9994861732208581
-0.9994860817144807
-0.9994859907439654
-0.9994859003086128
-0.9994858104049261
-0.9994857210287075
-0.9994856321757598
-0.9994855438418856
-0.9994854560228875
-0.9994853687145685
-0.999485281912731
-0.9994851956131776
-0.9994851098117112
-0.9994850245041345
-0.9994849396862502
-0.9994848553538607
-0.9994847715027689
-0.9994846881287777
-0.9994846052276893
-0.9994845227953066
-0.9994844408274322
-0.9994843593198687
-0.999484278268419
-0.9994841976692005
-0.9994841175195873
-0.9994840378172685
-0.9994839585599324
-0.9994838797452686
-0.9994838013709662
-0.9994837234347139
-0.9994836459342007
-0.9994835688671155
-0.9994834922311473
-0.999483416023985
-0.9994833402433175
-0.9994832648868337
-0.9994831899522229
-0.9994831154371738
-0.9994830413393755
-0.9994829676565163
-0.9994828943862862
-0.9994828215263737
-0.9994827490744678
-0.9994826770281435
-0.9994826053845236
-0.9994825341406162
-0.9994824632934297
-0.999482392839972
-0.9994823227772519
-0.9994822531022786
-0.99948218381206
-0.9994821149036045
-0.9994820463739206
-0.9994819782200169
-0.9994819104389021
-0.999481843027584
-0.9994817759830716
-0.9994817093023732
-0.9994816429824976
-0.9994815770204527
-0.9994815114132475
-0.99948144615789
-0.999481381251389
-0.999481316691017
-0.9994812524751039
-0.9994811886022438
-0.9994811250710313
-0.99948106188006
-0.9994809990279243
-0.9994809365132179
-0.9994808743345357
-0.9994808124904714
-0.999480750979619
-0.9994806898005725
-0.9994806289519261
-0.9994805684322742
-0.9994805082402106
-0.9994804483743298
-0.9994803888332261
-0.9994803296154928
-0.9994802707197247
-0.9994802121445155
-0.99948015388846
-0.9994800959499579
-0.9994800383266353
-0.9994799810159239
-0.9994799240152559
-0.9994798673220633
-0.9994798109337779
-0.9994797548478317
-0.9994796990616565
-0.9994796435726847
-0.9994795883783485
-0.9994795334760793
-0.9994794788633092
-0.9994794245374705
-0.9994793704959949
-0.9994793167363146
-0.9994792632558617
-0.9994792100520674
-0.9994791571223643
-0.9994791044641845
-0.9994790520749597
-0.9994789999523769
-0.9994789480951431
-0.9994788965022203
-0.9994788451725706
-0.9994787941051558
-0.999478743298938
-0.999478692752879
-0.9994786424659409
-0.9994785924370855
-0.9994785426652747
-0.9994784931494706
-0.999478443888635
-0.9994783948817304
-0.9994783461277186
-0.9994782976255608
-0.9994782493742197
-0.9994782013726571
-0.9994781536198349
-0.9994781061147153
-0.99947805885626
-0.9994780118433328
-0.9994779650744046
-0.9994779185478475
-0.9994778722620344
-0.9994778262153371
-0.9994777804061287
-0.9994777348327815
-0.9994776894936681
-0.999477644387161
-0.9994775995116325
-0.9994775548654549
-0.9994775104470009
-0.9994774662546431
-0.9994774222867538
-0.9994773785417056
-0.9994773350178712
-0.9994772917136227
-0.9994772486273326
-0.9994772057573733
-0.9994771631021175
-0.9994771206599452
-0.9994770784292665
-0.9994770364084988
-0.9994769945960595
-0.9994769529903662
-0.9994769115898361
-0.9994768703928868
-0.9994768293979363
-0.9994767886034017
-0.9994767480077007
-0.9994767076092504
-0.9994766674064687
-0.999476627397773
-0.9994765875815809
-0.9994765479563097
-0.9994765085203773
-0.9994764692722006
-0.9994764302101974
-0.9994763913327852
-0.9994763526383815
-0.9994763141255969
-0.9994762757938151
-0.9994762376426133
-0.9994761996715681
-0.9994761618802567
-0.9994761242682557
-0.999476086835142
-0.9994760495804924
-0.9994760125038841
-0.999475975604894
-0.9994759388830988
-0.9994759023380753
-0.9994758659694005
-0.9994758297766513
-0.9994757937594044
-0.9994757579172372
-0.9994757222497263
-0.9994756867564487
-0.999475651436981
-0.9994756162909003
-0.9994755813176277
-0.9994755465159635
-0.9994755118845517
-0.9994754774220368
-0.9994754431270632
-0.9994754089982749
-0.9994753750343164
-0.9994753412338317
-0.9994753075954654
-0.999475274117862
-0.9994752407996654
-0.9994752076395205
-0.9994751746360711
-0.9994751417879616
-0.9994751090938361
-0.9994750765523394
-0.9994750441621156
-0.9994750119218091
-0.9994749798300641
-0.9994749478855247
-0.9994749160869487
-0.9994748844335468
-0.9994748529246424
-0.9994748215595591
-0.9994747903376205
-0.9994747592581507
-0.9994747283204732
-0.9994746975239115
-0.9994746668677893
-0.9994746363514301
-0.9994746059741578
-0.9994745757352963
-0.9994745456341689
-0.9994745156700999
-0.9994744858424123
-0.9994744561504298
-0.9994744265934764
-0.9994743971708756
-0.9994743678819512
-0.9994743387260268
-0.999474309702426
-0.9994742808104725
-0.99947425204949
-0.9994742234188023
-0.9994741949177331
-0.9994741665456057
-0.9994741383017443
-0.9994741101854719
-0.9994740821961127
-0.9994740543329902
-0.9994740265954281
-0.9994739989827505
-0.9994739714942805
-0.9994739441293418
-0.9994739168872583
-0.9994738897673535
-0.9994738627689513
-0.9994738358913755
-0.9994738091339491
-0.9994737824959964
-0.9994737559768468
-0.9994737295758515
-0.9994737032923662
-0.9994736771257476
-0.9994736510753531
-0.9994736251405395
-0.9994735993206632
-0.9994735736150807
-0.999473548023149
-0.9994735225442248
-0.9994734971776646
-0.9994734719228253
-0.9994734467790634
-0.9994734217457358
-0.999473396822199
-0.9994733720078098
-0.9994733473019246
-0.9994733227039003
-0.9994732982130941
-0.9994732738288618
-0.9994732495505607
-0.9994732253775472
-0.999473201309178
-0.9994731773448099
-0.9994731534837994
-0.9994731297255038
-0.9994731060692792
-0.9994730825144825
-0.9994730590604705
-0.9994730357065994
-0.9994730124522263
-0.9994729892967078
-0.9994729662394005
-0.9994729432796613
-0.9994729204168468
-0.9994728976503138
-0.9994728749794187
-0.9994728524035187
-0.99947282992197
-0.9994728075341294
-0.9994727852393984
-0.9994727630373591
-0.9994727409276379
-0.9994727189098617
-0.9994726969836569
-0.9994726751486502
-0.9994726534044686
-0.9994726317507383
-0.9994726101870862
-0.9994725887131388
-0.9994725673285231
-0.9994725460328656
-0.999472524825793
-0.999472503706932
-0.999472482675909
-0.9994724617323508
-0.9994724408758843
-0.9994724201061361
-0.9994723994227327
-0.9994723788253008
-0.999472358313467
-0.9994723378868581
-0.9994723175451009
-0.9994722972878219
-0.9994722771146478
-0.9994722570252053
-0.999472237019121
-0.9994722170960217
-0.9994721972555338
-0.999472177497284
-0.9994721578208993
-0.9994721382260062
-0.9994721187122314
-0.9994720992792013
-0.9994720799265429
-0.9994720606538827
-0.9994720414608472
-0.9994720223470633
-0.9994720033121581
-0.9994719843557578
-0.999471965477491
-0.9994719466769946
-0.9994719279539074
-0.9994719093078679
-0.9994718907385147
-0.9994718722454868
-0.9994718538284232
-0.9994718354869625
-0.999471817220743
-0.9994717990294039
-0.999471780912584
-0.9994717628699217
-0.9994717449010559
-0.9994717270056254
-0.999471709183269
-0.999471691433625
-0.9994716737563327
-0.9994716561510306
-0.9994716386173573
-0.9994716211549518
-0.9994716037634528
-0.9994715864424989
-0.999471569191729
-0.999471552010782
-0.999471534899296
-0.9994715178569101
-0.9994715008832632
-0.9994714839779941
-0.9994714671407413
-0.9994714503711437
-0.9994714336688399
-0.9994714170334684
-0.9994714004646685
-0.9994713839620786
-0.9994713675253377
-0.9994713511540841
-0.9994713348479571
-0.9994713186065951
-0.9994713024296369
-0.999471286316721
-0.9994712702674956
-0.9994712542816474
-0.9994712383588715
-0.9994712224988633
-0.9994712067013182
-0.9994711909659315
-0.9994711752923988
-0.999471159680416
-0.9994711441296783
-0.9994711286398813
-0.9994711132107202
-0.9994710978418903
-0.9994710825330874
-0.9994710672840069
-0.9994710520943447
-0.9994710369637956
-0.9994710218920554
-0.9994710068788193
-0.9994709919237827
-0.9994709770266417
-0.9994709621870916
-0.9994709474048278
-0.9994709326795453
-0.9994709180109399
-0.9994709033987073
-0.999470888842543
-0.9994708743421422
-0.9994708598972003
-0.9994708455074129
-0.9994708311724755
-0.9994708168920834
-0.9994708026659321
-0.9994707884937177
-0.9994707743751352
-0.9994707603098798
-0.999470746297647
-0.9994707323381326
-0.999470718431032
-0.9994707045760404
-0.9994706907728538
-0.9994706770211899
-0.9994706633208542
-0.9994706496716746
-0.9994706360734795
-0.9994706225260978
-0.9994706090293568
-0.9994705955830849
-0.9994705821871105
-0.9994705688412617
-0.9994705555453665
-0.9994705422992527
-0.9994705291027489
-0.9994705159556836
-0.9994705028578849
-0.9994704898091803
-0.9994704768093984
-0.9994704638583672
-0.9994704509559154
-0.9994704381018708
-0.9994704252960613
-0.9994704125383151
-0.9994703998284605
-0.9994703871663262
-0.9994703745517396
-0.9994703619845292
-0.999470349464523
-0.9994703369915492
-0.9994703245654361
-0.9994703121860121
-0.9994702998531048
-0.9994702875665425
-0.9994702753261536
-0.9994702631317663
-0.9994702509832089
-0.9994702388803087
-0.9994702268228948
-0.9994702148107952
-0.999470202843838
-0.999470190921851
-0.9994701790446625
-0.9994701672120941
-0.9994701554239426
-0.999470143679998
-0.9994701319800499
-0.999470120323888
-0.9994701087113027
-0.9994700971420837
-0.9994700856160209
-0.999470074132904
-0.9994700626925231
-0.9994700512946686
-0.9994700399391298
-0.9994700286256964
-0.9994700173541587
-0.9994700061243068
-0.9994699949359303
-0.9994699837888192
-0.9994699726827635
-0.9994699616175526
-0.9994699505929769
-0.9994699396088266
-0.9994699286648913
-0.9994699177609607
-0.9994699068968248
-0.9994698960722735
-0.9994698852870971
-0.9994698745410853
-0.9994698638340276
-0.9994698531657142
-0.9994698425359354
-0.9994698319444807
-0.99946982139114
-0.9994698108757033
-0.9994698003979601
-0.999469789957701
-0.9994697795547158
-0.9994697691887944
-0.9994697588597262
-0.9994697485673016
-0.9994697383113106
-0.999469728091561
-0.999469717907935
-0.9994697077603341
-0.9994696976486586
-0.999469687572809
-0.999469677532686
-0.9994696675281903
-0.9994696575592227
-0.9994696476256837
-0.9994696377274739
-0.9994696278644941
-0.999469618036645
-0.9994696082438274
-0.9994695984859417
-0.9994695887628884
-0.9994695790745686
-0.9994695694208827
-0.9994695598017316
-0.999469550217016
-0.9994695406666363
-0.9994695311504932
-0.9994695216684873
-0.9994695122205195
-0.9994695028064903
-0.9994694934263006
-0.9994694840798507
-0.9994694747670417
-0.999469465487774
-0.9994694562419484
-0.9994694470294654
-0.9994694378502258
-0.9994694287041302
-0.9994694195910795
-0.9994694105109742
-0.9994694014637147
-0.9994693924492021
-0.9994693834673367
-0.9994693745180193
-0.9994693656011507
-0.9994693567166315
-0.9994693478643574
-0.9994693390442043
-0.9994693302560431
-0.9994693214997442
-0.9994693127751794
-0.999469304082219
-0.9994692954207344
-0.9994692867905955
-0.9994692781916741
-0.9994692696238404
-0.9994692610869661
-0.9994692525809219
-0.9994692441055786
-0.9994692356608068
-0.9994692272464775
-0.9994692188624614
-0.99946921050863
-0.999469202184854
-0.9994691938910042
-0.999469185626951
-0.999469177392566
-0.99946916918772
-0.9994691610122839
-0.9994691528661285
-0.9994691447491245
-0.9994691366611427
-0.9994691286020546
-0.9994691205717304
-0.9994691125700416
-0.9994691045968584
-0.9994690966520527
-0.9994690887354948
-0.9994690808470554
-0.9994690729866055
-0.9994690651540161
-0.9994690573491581
-0.9994690495719026
-0.9994690418221202
-0.9994690340996818
-0.9994690264044584
-0.9994690187363067
-0.9994690110950265
-0.9994690034804034
-0.9994689958922223
-0.9994689883302689
-0.9994689807943288
-0.9994689732841878
-0.9994689657996308
-0.9994689583404436
-0.9994689509064115
-0.9994689434973203
-0.9994689361129552
-0.999468928753102
-0.9994689214175457
-0.9994689141060721
-0.9994689068184662
-0.9994688995545142
-0.9994688923140015
-0.9994688850967133
-0.9994688779024351
-0.9994688707309526
-0.9994688635820509
-0.9994688564555156
-0.9994688493511326
-0.9994688422686868
-0.9994688352079639
-0.9994688281687497
-0.9994688211508291
-0.999468814153988
-0.999468807178012
-0.999468800222686
-0.9994687932877961
-0.9994687863731276
-0.9994687794784656
-0.9994687726035952
-0.999468765748304
-0.9994687589123776
-0.9994687520955955
-0.9994687452977411
-0.9994687385186242
