2.1978035
0.619241793
-0.120230242
-0.5266386709999999
-0.769635353
-0.922027393
-0.97633699
-0.98585273
-0.994965476
-1.003692764
-1.012051218
-1.020056603
-1.027723881
-1.035067261
-1.04210024
-1.048835652
-1.055285701
-1.061462002
-1.067375611
-1.073037063
-1.078456396
-1.08364318
-1.088606547
-1.093355207
-1.09789748
-1.102241311
-1.106394291
-1.110363678
-1.114156411
-1.117779129
-1.121238186
-1.124539664
-1.127689391
-1.130692946
-1.133555679
-1.136282718
-1.138878982
-1.141349188
-1.143697863
-1.145929355
-1.148047836
-1.150057316
-1.151961645
-1.153764525
-1.155469515
-1.157080036
-1.158599379
-1.160030711
-1.16137708
-1.162641417
-1.163826549
-1.164935195
-1.165969975
-1.166933114
-1.167827944
-1.168655913
-1.16941958
-1.170121128
-1.17076266
-1.171346205
-1.171873723
-1.172347104
-1.172768173
-1.173138692
-1.173460363
-1.173734831
-1.173963683
-1.174148455
-1.174290629
-1.17439164
-1.174452874
-1.174475671
-1.174461328
-1.174411098
-1.174326196
-1.174207794
-1.174057029
-1.173875001
-1.173662773
-1.173421376
-1.173151809
-1.172855038
-1.172531999
-1.172183598
-1.171810715
-1.1714142
-1.170994879
-1.170553552
-1.170090993
-1.169607955
-1.169105166
-1.168583333
-1.168043141
-1.167485255
-1.16691032
-1.166318962
-1.165711787
-1.165089384
-1.164452326
-1.163801168
-1.163136447
-1.162458688
-1.161768397
-1.161066067
-1.160352178
-1.159627193
-1.158891566
-1.158145734
-1.157390123
-1.156625147
-1.155851209
-1.155068699
-1.154277997
-1.153479473
-1.152673484
-1.151860379
-1.151040498
-1.15021417
-1.149381714
-1.148543444
-1.14769966
-1.146850659
-1.145996725
-1.145138139
-1.144275169
-1.143408081
-1.142537129
-1.141662564
-1.140784628
-1.139903556
-1.139019579
-1.138132919
-1.137243794
-1.136352414
-1.135458987
-1.134563711
-1.133666782
-1.13276839
-1.131868718
-1.130967946
-1.13006625
-1.129163798
-1.128260757
-1.127357287
-1.126453546
-1.125549686
-1.124645856
-1.1237422
-1.122838859
-1.12193597
-1.121033667
-1.120132079
-1.119231332
-1.118331549
-1.117432851
-1.116535354
-1.115639171
-1.114744412
-1.113851185
-1.112959594
-1.112069742
-1.111181727
-1.110295645
-1.10941159
-1.108529654
-1.107649925
-1.106772489
-1.10589743
-1.10502483
-1.104154769
-1.103287323
-1.102422568
-1.101560576
-1.100701419
-1.099845166
-1.098991883
-1.098141636
-1.097294488
-1.096450501
-1.095609734
-1.094772246
-1.093938092
-1.093107327
-1.092280004
-1.091456175
-1.09063589
-1.089819196
-1.089006141
-1.088196771
-1.087391129
-1.086589258
-1.085791199
-1.084996993
-1.084206677
-1.083420289
-1.082637866
-1.081859442
-1.081085051
-1.080314725
-1.079548495
-1.078786393
-1.078028446
-1.077274684
-1.076525132
-1.075779817
-1.075038763
-1.074301995
-1.073569535
-1.072841404
-1.072117625
-1.071398216
-1.070683196
-1.069972585
-1.069266398
-1.068564652
-1.067867363
-1.067174545
-1.066486212
-1.065802376
-1.06512305
-1.064448246
-1.063777972
-1.06311224
-1.062451058
-1.061794434
-1.061142376
-1.060494891
-1.059851983
-1.05921366
-1.05858
-1.057950781
-1.057326233
-1.056706283
-1.056090933
-1.055480184
-1.054874036
-1.05427249
-1.053675544
-1.053083199
-1.052495451
-1.051912298
-1.051333737
-1.050759765
-1.050190378
-1.04962557
-1.049065336
-1.04850967
-1.047958567
-1.047412019
-1.046870018
-1.046332557
-1.045799627
-1.045271219
-1.044747324
-1.044227932
-1.043713032
-1.043202614
-1.042696666
-1.042195176
-1.041698132
-1.041205521
-1.040717331
-1.040233548
-1.039754157
-1.039279144
-1.038808496
-1.038342195
-1.037880228
-1.037422577
-1.036969227
-1.036520161
-1.036075361
-1.035634811
-1.035198493
-1.034766389
-1.034338479
-1.033914747
-1.033495171
-1.033079734
-1.032668415
-1.032261194
-1.031858052
-1.031458967
-1.031063919
-1.030672887
-1.030285849
-1.029902783
-1.029523669
-1.029148484
-1.028771205
-1.02840981
-1.028046276
-1.027686581
-1.027330701
-1.026978612
-1.026630292
-1.026285716
-1.02594486
-1.025607701
-1.025274213
-1.024944374
-1.024618158
-1.02429554
-1.023976495
-1.023660999
-1.023349027
-1.023040553
-1.022735552
-1.022433998
-1.022135866
-1.021841131
-1.021549766
-1.021261746
-1.020977046
-1.020695638
-1.020417497
-1.020142597
-1.019870913
-1.019602417
-1.019337084
-1.019074887
-1.0188158
-1.018559798
-1.018306854
-1.018056941
-1.017810033
-1.017566104
-1.017325128
-1.017087079
-1.01685193
-1.016619655
-1.016390228
-1.016163623
-1.015939814
-1.015718774
-1.015500478
-1.0152849
-1.015072014
-1.014861794
-1.014654215
-1.01444925
-1.014246874
-1.014047062
-1.013849787
-1.013655026
-1.013462751
-1.013272939
-1.013085565
-1.012900602
-1.012718026
-1.012537813
-1.012359938
-1.012184376
-1.012011103
-1.011840095
-1.011671327
-1.011504775
-1.011340416
-1.011178225
-1.011018179
-1.010860254
-1.010704427
-1.010550675
-1.010398974
-1.010249302
-1.010101635
-1.009955952
-1.009812229
-1.009670444
-1.009530575
-1.0093926
-1.009256497
-1.009122243
-1.008989819
-1.008859201
-1.00873037
-1.008603303
-1.008477979
-1.008354379
-1.008232481
-1.008112264
-1.00799371
-1.007876796
-1.007761505
-1.007647815
-1.007535706
-1.007425161
-1.007316159
-1.007208681
-1.007102708
-1.006998222
-1.006895204
-1.006793636
-1.006693498
-1.006594774
-1.006497445
-1.006401494
-1.006306902
-1.006213653
-1.00612173
-1.006031114
-1.00594179
-1.005853741
-1.00576695
-1.005681401
-1.005597077
-1.005513963
-1.005432043
-1.0053513
-1.00527172
-1.005193287
-1.005115986
-1.005039801
-1.004964718
-1.004890723
-1.0048178
-1.004745936
-1.004675115
-1.004605324
-1.00453655
-1.004468777
-1.004401993
-1.004336184
-1.004271338
-1.004207439
-1.004144477
-1.004082437
-1.004021308
-1.003961076
-1.003901729
-1.003843256
-1.003785643
-1.003728879
-1.003672953
-1.003617852
-1.003563565
-1.00351008
-1.003457387
-1.003405474
-1.003354331
-1.003303946
-1.003254308
-1.003205408
-1.003157235
-1.003109778
-1.003063027
-1.003016973
-1.002971605
-1.002926914
-1.00288289
-1.002839523
-1.002796804
-1.002754723
-1.002713273
-1.002672442
-1.002632224
-1.002592608
-1.002553586
-1.002515149
-1.00247729
-1.002439999
-1.002403268
-1.00236709
-1.002331456
-1.002296358
-1.002261789
-1.0022277
-1.002194205
-1.002161176
-1.002128644
-1.002096604
-1.002065047
-1.002033967
-1.002003356
-1.001973209
-1.001943517
-1.001914274
-1.001885474
-1.00185711
-1.001829176
-1.001801665
-1.00177457
-1.001747887
-1.001721608
-1.001695728
-1.001670241
-1.00164514
-1.001620421
-1.001596077
-1.001572103
-1.001548494
-1.001525243
-1.001502346
-1.001479797
-1.001457592
-1.001435724
-1.001414189
-1.001392981
-1.001372097
-1.001351531
-1.001331278
-1.001311334
-1.001291693
-1.001272352
-1.001253306
-1.00123455
-1.001216081
-1.001197893
-1.001179982
-1.001162345
-1.001144977
-1.001127874
-1.001111032
-1.001094447
-1.001078115
-1.001062032
-1.001046195
-1.0010306
-1.001015244
-1.001000121
-1.00098523
-1.000970566
-1.000956126
-1.000941907
-1.000927905
-1.000914117
-1.000900539
-1.000887169
-1.000874004
-1.000861039
-1.000848273
-1.000835702
-1.000811132
-1.000781308
-1.000764206
-1.000741805
-1.000720083
-1.00069902
-1.000678595
-1.00065879
-1.000639584
-1.000620961
-1.000602901
-1.000585389
-1.000568407
-1.000551938
-1.000535968
-1.000520482
-1.000505463
-1.000490899
-1.000476775
-1.000463077
-1.000449793
-1.000436909
-1.000424415
-1.000412297
-1.000400544
-1.000389145
-1.00037809
-1.000367367
-1.000356966
-1.000346878
-1.000337092
-1.000309463
-1.000300799
-1.000292394
-1.000284241
-1.000276331
-1.000268658
-1.000261213
-1.00025399
-1.000246983
-1.000240183
-1.000233586
-1.000227184
-1.000220973
-1.000214945
-1.000209096
-1.00020342
-1.000197911
-1.000192565
-1.000187377
-1.000182341
-1.000177453
-1.000172709
-1.000168104
-1.000163634
-1.000159294
-1.000155082
-1.000150992
-1.000147021
-1.000143166
-1.000139423
-1.000135789
-1.00013226
-1.000128833
-1.000125505
-1.000122273
-1.000119134
-1.000116086
-1.000113125
-1.000110248
-1.000107454
-1.00010474
-1.000102104
-1.000099542
-1.000097053
-1.000094635
-1.000092285
-1.000090001
-1.000087182
-1.000085626
-1.00008353
-1.000081492
-1.000079512
-1.000077587
-1.000075716
-1.000073897
-1.000072128
-1.000070408
-1.000068736
-1.000067109
-1.000065528
-1.00006399
-1.000062494
-1.000061039
-1.000059623
-1.000058246
-1.000056907
-1.000055609
-1.000052496
-1.000049593
-1.00004688
-1.000044342
-1.000041968
-1.000039745
-1.000037664
-1.000035714
-1.000033885
-1.00003217
-1.000030561
-1.00002905
-1.00002763
-1.000026295
-1.00002504
-1.000023859
-1.000022747
-1.000021699
-1.000020712
-1.00001978
-1.000018071
-1.000016545
-1.00001518
-1.000013955
-1.000012855
-1.000011863
-1.000010968
-1.000010158
-1.000009422
-1.000008754
-1.00000759
-1.000006617
-1.000005796
-1.0000051
-1.000004506
-1.000003995
-1.000003554
-1.000003171
-1.000002838
-1.000002546
